id,carrera,edad,nombre
58052,Filosofía Cuántica,22,Sarah Lee
89732,Cocina Molecular,26,Griselda Llorens
183753,Biología Marina,29,Pía Dulce Alberdi Urrutia
52602,Biología Marina,30,Elvira Carfagna
144343,Historia del Universo Paralelo,29,Maristela Ramis Marí
183617,Turismo Espacial,28,Edu de Blanes
119186,Historia del Universo Paralelo,21,Riccardo Battelli
204877,Cocina Molecular,18,Rembrandt Iacobucci
78813,Artes del Café,21,Charles Bass
80793,Teoría Práctica,25,Ariana Meadows
201653,Artes del Café,22,Camillo Speri
40998,Cocina Molecular,28,Miriam Valbuena Folch
8047,Psicología Canina,20,Jimmy Davies
245532,Biología Marina,24,Brígida Huerta Castañeda
46339,Biología Marina,21,Robert Adkins
230512,Música para Plantas,24,Niccolò Piacentini
92644,Turismo Espacial,19,Odalis Roma
72178,Psicología Canina,20,Rosaria Botticelli
130809,Artes del Café,27,Lodovico Binaghi
18518,Filosofía Cuántica,19,Benjamín Gimeno Paredes
169924,Cocina Molecular,20,Edward Pruitt
96474,Diseño de Moda Intergaláctica,23,Graziella Fantini
238130,Música para Plantas,26,Yéssica Amigó Fuertes
71440,Teoría Práctica,27,Francesca Montessori-Fantini
4027,Historia del Universo Paralelo,20,Michelle Anderson
42024,Diseño de Moda Intergaláctica,19,Ivan Gonzaga
8108,Biología Marina,19,Romina Casagrande
124491,Música para Plantas,19,Isabella Valmarana
231917,Cocina Molecular,20,Clímaco Pardo
54568,Teoría Práctica,19,Dott. Telemaco Pausini
148234,Teoría Práctica,24,Jordan Jones
86679,Filosofía Cuántica,27,Serena Prada
124083,Psicología Canina,25,Anne Archer
183216,Biología Marina,21,Lara Liguori
186418,Artes del Café,30,Dott. Arnaldo Germano
159929,Música para Plantas,19,Sig. Antonino Giannotti
6677,Psicología Canina,30,Jason Weber DDS
88431,Diseño de Moda Intergaláctica,26,Giampiero Detti
220876,Biología Marina,27,Keith Watson
519,Teoría Práctica,23,Amaro Valentín-Chaparro
98060,Filosofía Cuántica,19,Sabatino Fieramosca
53409,Historia del Universo Paralelo,29,Timothy Adkins
44472,Filosofía Cuántica,25,John Carter
171040,Filosofía Cuántica,23,Alicia Garcia
47119,Cocina Molecular,24,Camila del Bermúdez
7389,Diseño de Moda Intergaláctica,21,Antonello Fabbri-Ariosto
100351,Artes del Café,25,Franco Giacometti
107943,Psicología Canina,23,Jose Ramón Natalio Martinez Jáuregui
173746,Filosofía Cuántica,28,Ornella Varano
23868,Artes del Café,24,Mark Carlson
208598,Filosofía Cuántica,26,Eugenia Campise-Priuli
101708,Cocina Molecular,24,Ninetta Travia-Squarcione
225183,Historia del Universo Paralelo,24,Giuliana Fallaci
70738,Teoría Práctica,29,Joshua Mora
228600,Filosofía Cuántica,28,Michael Mills
91289,Diseño de Moda Intergaláctica,29,Benvenuto Finetti
91095,Artes del Café,29,Sante Bajardi
151574,Teoría Práctica,21,Baltasar Gisbert-España
218142,Diseño de Moda Intergaláctica,24,Allegra Siffredi
222866,Cocina Molecular,27,Joshua Fowler
13602,Turismo Espacial,20,Alexander Tyler
121149,Música para Plantas,24,Dott. Gianna Scarfoglio
50177,Historia del Universo Paralelo,28,Berenice Palazzo
233393,Psicología Canina,18,Brandon Bradley
114570,Artes del Café,21,Ettore Costalonga
173899,Diseño de Moda Intergaláctica,23,Shawn Anderson
187968,Teoría Práctica,21,Tonya Benson
156972,Música para Plantas,25,Obdulia del Reyes
15098,Turismo Espacial,28,Ximena Lobato
207326,Cocina Molecular,28,Inmaculada Araceli Hernández Alfaro
132378,Filosofía Cuántica,28,Guglielmo Gritti
212537,Turismo Espacial,20,Ludovica Comisso
22765,Música para Plantas,28,Olga Romero Ramírez
14794,Música para Plantas,26,Jennifer Johnson
240333,Artes del Café,25,Silvestro Lombardo
32756,Historia del Universo Paralelo,22,Rogelio Bayona Peñalver
144009,Turismo Espacial,18,Fernanda Brugnaro
54244,Música para Plantas,27,Alessia Barillaro
236285,Cocina Molecular,18,Jennifer Adams
124858,Turismo Espacial,19,Ignacia Toro Acero
10309,Biología Marina,27,Vincentio Maffei
177129,Cocina Molecular,21,Elodia Sebastián Garrido
137019,Artes del Café,19,Sig. Romeo Rismondo
6606,Filosofía Cuántica,21,Denise Francis
137158,Teoría Práctica,18,Kevin Moran
136808,Turismo Espacial,19,Andrea Pavón Peñalver
64330,Música para Plantas,18,Diana Semitecolo-Comboni
6350,Turismo Espacial,27,Sarah Thompson
127382,Música para Plantas,18,Nicola Crispi
90496,Artes del Café,20,Clotilde Blanes Haro
249891,Teoría Práctica,29,Marcial Pedraza-Porcel
203423,Artes del Café,20,Daniel Shea
187189,Biología Marina,21,Shane Schultz
220447,Artes del Café,25,Jill Cannon
242995,Cocina Molecular,20,Gianfranco Barbarigo
6373,Teoría Práctica,18,Fulgencio Valcárcel Fábregas
159726,Psicología Canina,21,Franco Pizzo
28230,Diseño de Moda Intergaláctica,28,Ansaldo Gentilini
44621,Biología Marina,28,Christian Williams
222758,Cocina Molecular,24,Dr. Michael Erickson
77379,Filosofía Cuántica,20,Bianca Dellucci
231699,Filosofía Cuántica,29,Jaime Ortiz Gargallo
5652,Psicología Canina,25,Sig. Girolamo Trapanese
238733,Historia del Universo Paralelo,27,Michael Peck
178041,Historia del Universo Paralelo,25,Rita Nibali
151611,Música para Plantas,27,Giampiero Poerio
92805,Diseño de Moda Intergaláctica,21,Steven Sanchez
141586,Filosofía Cuántica,24,Christopher Woods
43128,Historia del Universo Paralelo,19,Salvatore Stradivari-Giradello
52482,Historia del Universo Paralelo,24,Salvador Ródenas-Pineda
19935,Diseño de Moda Intergaláctica,20,Ágata de Aguilar
239715,Biología Marina,19,Daria Zaccagnini
71220,Diseño de Moda Intergaláctica,23,David Ropero Landa
200192,Psicología Canina,20,Keith Meadows
44400,Filosofía Cuántica,22,Porfirio Mayol Millán
140859,Filosofía Cuántica,29,Donna Ariosto
2445,Música para Plantas,28,Federica Curci
87787,Filosofía Cuántica,19,Nicholas Hill
229853,Filosofía Cuántica,27,Porfirio Torrent Tapia
8626,Cocina Molecular,21,Máxima de Feijoo
228161,Psicología Canina,24,Aurora Ferrazzi
65629,Filosofía Cuántica,18,Romina Rosmini
45247,Turismo Espacial,24,Christopher Hutchinson
21751,Teoría Práctica,22,Ceferino Agapito Zapata Comas
153691,Música para Plantas,22,Letizia Munari
10219,Biología Marina,22,Visitación Andres Sanmiguel
233939,Cocina Molecular,19,Patrick Chavez
51029,Cocina Molecular,28,Norberto Arias-Flores
58791,Teoría Práctica,25,Sig. Gilberto Foscari
40898,Historia del Universo Paralelo,25,Cleto Mayoral Luján
193734,Artes del Café,22,Jermaine Kramer
201057,Psicología Canina,30,Bartolomeo Pratesi
151567,Filosofía Cuántica,21,Pierluigi Trombetta
43893,Turismo Espacial,28,Temistocle Gozzano
181057,Historia del Universo Paralelo,19,Florinda Elena Valcárcel Galindo
68231,Cocina Molecular,27,Flora Toldo
248857,Teoría Práctica,28,Calvin Cruz
226842,Historia del Universo Paralelo,25,Salomón Cobos-Rosell
55050,Filosofía Cuántica,23,Guiomar Jimenez
205256,Teoría Práctica,19,Cruz Villalobos Gómez
234259,Cocina Molecular,23,Estrella Calvo Pons
150451,Biología Marina,25,Beppe Pisacane
156918,Biología Marina,22,Nazaret Almazán
19488,Biología Marina,30,Dott. Giuseppina Contrafatto
59324,Música para Plantas,23,John Wright
97488,Turismo Espacial,22,Eugenia Collodi
37515,Artes del Café,22,Dani Lucena Almagro
179673,Turismo Espacial,30,Miriam Izquierdo-Pizarro
101963,Diseño de Moda Intergaláctica,26,Sig. Rosario Cantimori
153627,Música para Plantas,30,Elijah Roberts
184087,Psicología Canina,30,Florentino Simó Portero
122791,Psicología Canina,25,Marcia Contreras Julián
125115,Artes del Café,26,Domenico Gasperi
185401,Cocina Molecular,22,Michelle Goodwin
38759,Música para Plantas,24,Martino Ferrabosco
77528,Música para Plantas,23,Marta Aránzazu Planas Rivera
202022,Biología Marina,28,Dott. Anita Martinelli
20277,Cocina Molecular,24,Dott. Rodolfo Salata
237350,Historia del Universo Paralelo,26,Nicole Castro
25415,Filosofía Cuántica,24,Gianfranco Lucciano
25483,Historia del Universo Paralelo,25,Dott. Ornella Lollobrigida
85660,Teoría Práctica,29,Abigail Nelson
28150,Filosofía Cuántica,23,Angelica Lee
173352,Turismo Espacial,19,Zacarías Carranza
230332,Psicología Canina,24,Valerio Álamo-Araujo
67029,Filosofía Cuántica,26,Bernarda Romero-Moreno
196285,Diseño de Moda Intergaláctica,29,Alexander Bridges
58309,Teoría Práctica,18,Javiera Ojeda Molina
136692,Cocina Molecular,20,Alejandra Boada Roda
125332,Biología Marina,26,Lucrezia Pisano
66837,Biología Marina,28,José Manuel Nadal Diaz
249191,Artes del Café,24,Christopher Arnold
163926,Turismo Espacial,29,Angela Scott
140776,Psicología Canina,19,Dott. Michelotto Olivetti
239574,Artes del Café,27,Jonathan Carter
50185,Biología Marina,26,Jacqueline Abbott
2011,Psicología Canina,21,Gian Garibaldi
244680,Turismo Espacial,25,Custodia Benet Fuster
123723,Filosofía Cuántica,20,Victor Mayoral Sosa
145858,Turismo Espacial,20,Ani Berrocal-Ibañez
29055,Artes del Café,29,Jeffrey Warren
28763,Turismo Espacial,18,Robert Richards
59343,Filosofía Cuántica,23,Jimena Ámbar Briones Cerdá
16669,Artes del Café,24,David Vasquez
33463,Turismo Espacial,22,Mauricio Tomás-Riba
57366,Teoría Práctica,19,Angelina de Olivera
140878,Música para Plantas,24,Karen Palmer
172266,Teoría Práctica,18,Andre Soto
74126,Psicología Canina,27,Rhonda Gonzalez
154369,Teoría Práctica,25,Tito Amores
195461,Música para Plantas,22,Robert Cabrera
225316,Filosofía Cuántica,19,Javier Roque Garrido Amor
176405,Artes del Café,19,Ulises Dominguez Zapata
175148,Cocina Molecular,25,Morena Lombardi
248521,Artes del Café,29,Maria Campano
148398,Historia del Universo Paralelo,29,Pietro Panzera
133235,Música para Plantas,21,Eduardo Victor Juárez Vall
85933,Psicología Canina,23,Claudia del Lopez
230896,Historia del Universo Paralelo,28,Cecilia Pascarella
204294,Diseño de Moda Intergaláctica,29,Federica Curiel
58795,Biología Marina,26,Dana Davis
143042,Turismo Espacial,20,Nicole Black
96908,Turismo Espacial,28,Ida Morosini
223957,Biología Marina,21,Nina Murri
155692,Historia del Universo Paralelo,29,Teo Palacios-Menendez
142307,Artes del Café,18,Irene Sancho Carro
131504,Historia del Universo Paralelo,28,Dott. Angelica Prada
189533,Diseño de Moda Intergaláctica,24,Micheal Chavez
229138,Música para Plantas,19,James Hayden
103474,Diseño de Moda Intergaláctica,19,Adam Miller
136839,Teoría Práctica,19,Lucia Durante
164690,Filosofía Cuántica,26,Elisa Campise-Tamburi
129231,Biología Marina,28,Perla de Palomo
74336,Psicología Canina,22,Chelsea Skinner
51143,Psicología Canina,20,Steven Johnson
106074,Diseño de Moda Intergaláctica,30,Zacarías Valverde Sanmiguel
17244,Filosofía Cuántica,22,Pasquale Pascarella
14657,Teoría Práctica,20,Susana Ramos Saldaña
104321,Psicología Canina,30,Timothy Fields
191050,Diseño de Moda Intergaláctica,28,Teresa Pedraza Cárdenas
1790,Historia del Universo Paralelo,22,Anita Peral Bonilla
239164,Turismo Espacial,25,Jenny Benavides-Torrents
101893,Historia del Universo Paralelo,18,Priscila Martínez Esparza
232276,Teoría Práctica,25,Sig.ra Cassandra Calbo
226132,Filosofía Cuántica,19,Celso Abril Esteban
213850,Historia del Universo Paralelo,30,Sabas Fuertes Gomez
111483,Psicología Canina,30,Andrea Vargas
118160,Teoría Práctica,30,Dani Silva Angulo
38047,Cocina Molecular,22,Manuela Pascuala Mascaró Chico
24649,Turismo Espacial,27,Julie Velasco
224261,Filosofía Cuántica,23,Aitana María Fernanda Pizarro Blasco
143883,Historia del Universo Paralelo,22,Gertrudis Palmer Rincón
88897,Turismo Espacial,28,Corrado Ricci
66654,Cocina Molecular,19,Priscilla Lattuada
194499,Música para Plantas,22,Flavia Ferrara
54283,Biología Marina,29,Cándido René Valencia Ruano
52770,Biología Marina,27,Licia Filogamo
118125,Biología Marina,26,Marino Olegario Hernández Escalona
74072,Biología Marina,20,Máxima Gabaldón-Morell
6,Filosofía Cuántica,26,Edmundo Guardiola Rivero
18848,Historia del Universo Paralelo,26,Molly Hickman
106933,Psicología Canina,18,Jordi Palmer Aguirre
154831,Biología Marina,30,Jesus Ryan
241476,Cocina Molecular,27,Anna Campbell
116725,Psicología Canina,26,Delia Nicolás Lucas
150627,Turismo Espacial,21,Lorenzo Pedroni
139452,Artes del Café,27,Federica Sauli
142131,Artes del Café,21,Dott. Cirillo Nievo
179142,Diseño de Moda Intergaláctica,24,Belén Sainz Lloret
168545,Cocina Molecular,22,Galasso Scarponi
48842,Música para Plantas,20,Elena Pisacane
55929,Biología Marina,30,Susan Hansen
207043,Filosofía Cuántica,30,Keith Brown
246441,Psicología Canina,24,Antonio Jordán Miguel
197447,Artes del Café,24,Justin Villanueva
238206,Filosofía Cuántica,25,Theresa Good
123769,Cocina Molecular,20,Ida Gigli
211652,Biología Marina,27,Trinidad Corbacho Iglesia
8532,Historia del Universo Paralelo,26,Julie Finley
38150,Turismo Espacial,25,Dustin Jimenez
116480,Psicología Canina,23,Curtis Morris
36950,Psicología Canina,22,Matías Valentín Yuste
54187,Música para Plantas,27,John Hendricks
87751,Filosofía Cuántica,29,Nicole Cantu
215932,Cocina Molecular,20,Ashley Lopez
167429,Biología Marina,30,Monica Kelly
26677,Diseño de Moda Intergaláctica,27,Edward Cannon
156455,Historia del Universo Paralelo,23,Leonard Gilbert
121063,Teoría Práctica,26,Sherry Jones
216941,Turismo Espacial,18,Emily Craig
158631,Psicología Canina,25,Yvonne Spencer
39811,Biología Marina,24,James Young
92458,Filosofía Cuántica,27,Amalia Sokolov
203823,Filosofía Cuántica,21,Jorge Olmedo-Puerta
220287,Psicología Canina,27,Marina Bixio
2171,Artes del Café,20,Benedetto Casarin
247599,Artes del Café,28,Brian Martin
243629,Música para Plantas,21,Michelle Jones
225861,Teoría Práctica,23,Berenice Cheda
6223,Artes del Café,27,Catherine Evans
141016,Cocina Molecular,30,Giacomo Ravaglioli-Soranzo
149422,Teoría Práctica,21,Oreste Franzese
198580,Turismo Espacial,19,Angelica Pepe
34233,Biología Marina,20,Chelo Abellán Casanovas
35255,Música para Plantas,29,Bernabé Torrecilla Codina
212896,Cocina Molecular,28,Adele Malenchini
175272,Teoría Práctica,21,Eustaquio Valdés Flor
226838,Biología Marina,23,Elvira Vara-Vallés
133084,Psicología Canina,29,Morgan Kelly
131362,Diseño de Moda Intergaláctica,30,Shelley Olson
121015,Diseño de Moda Intergaláctica,25,Gina Roberts
80595,Filosofía Cuántica,22,Gino Gozzano
117629,Artes del Café,20,Andrea Daniel
34864,Artes del Café,26,Paride Tebaldi
103028,Teoría Práctica,24,Claudia Crawford
134948,Biología Marina,23,Sig. Ronaldo Santi
49793,Música para Plantas,23,Orlando Coppola
91853,Artes del Café,21,Etta Treccani
68080,Música para Plantas,28,Michelle Bishop
101354,Historia del Universo Paralelo,18,Dott. Isa Marini
133751,Filosofía Cuántica,18,Sig. Nicolò Udinese
150149,Biología Marina,29,Jacob Stewart
218573,Psicología Canina,20,Joshua Goodman
231728,Biología Marina,19,Leocadia Roldan Belmonte
126429,Turismo Espacial,20,Alexandra Ballard
125728,Diseño de Moda Intergaláctica,18,Epifanio del Montserrat
216888,Turismo Espacial,29,Tara King
219443,Artes del Café,23,Christopher Williams
39656,Diseño de Moda Intergaláctica,22,Ambrosio Cano Roig
52706,Artes del Café,28,Noelia Maestre Ferrero
139160,Cocina Molecular,29,Joshua Thomas
14693,Turismo Espacial,24,Jordan Robbins
54817,Psicología Canina,23,Stephanie Sanford
142956,Filosofía Cuántica,22,Dott. Melania Olivetti
130311,Biología Marina,22,Tristán Planas
230397,Música para Plantas,29,Gustavo Grisoni-Stucchi
224760,Teoría Práctica,24,Dorita Bartolomé Bello
23014,Artes del Café,21,Rosaria Cagnin
159242,Cocina Molecular,20,Sig. Sandro Taliani
37614,Teoría Práctica,22,Allison Jones
109964,Psicología Canina,20,Caroline Hodge
29415,Diseño de Moda Intergaláctica,23,Dott. Pina Mazzanti
199708,Cocina Molecular,24,Dora Brígida Solé Sánchez
81825,Psicología Canina,18,Anthony Hayes
107545,Biología Marina,29,Tanya Hughes
71910,Psicología Canina,26,Richard Lara
51798,Psicología Canina,23,Carina Roig Diego
48980,Artes del Café,18,Crystal Ross
38705,Artes del Café,22,Alisha Lowery
246986,Historia del Universo Paralelo,23,Paoletta Gabrieli-Savorgnan
42099,Biología Marina,26,Alejandro Canales Catalá
106866,Turismo Espacial,26,Alyssa Torres
70149,Filosofía Cuántica,19,Tina Martinez
197737,Cocina Molecular,30,María Pilar Fortunata Ramón Amor
68620,Diseño de Moda Intergaláctica,24,Dan Padilla Palacio
5375,Historia del Universo Paralelo,20,Amy Smith
148995,Turismo Espacial,29,Jessica Pratt
223158,Música para Plantas,22,Jose Ignacio Bayo Santana
70900,Teoría Práctica,23,Maria Johnson
116534,Diseño de Moda Intergaláctica,19,Ludovico Nicolucci-Venditti
49648,Psicología Canina,27,Heather Holden
231601,Artes del Café,26,Serafina Alcaraz-Céspedes
12465,Turismo Espacial,24,Joseph Garcia
116238,Filosofía Cuántica,18,Claudio Jenaro Codina Castells
160658,Teoría Práctica,18,Stephen Reed
15049,Teoría Práctica,28,Antonina Cicala
178922,Psicología Canina,30,Anthony Jones
222125,Teoría Práctica,23,Kimberly Harris
22512,Psicología Canina,22,Michael Kaufman
19216,Historia del Universo Paralelo,26,Antonia Trussardi
170802,Turismo Espacial,26,Eugenio del Vallejo
88754,Cocina Molecular,24,Severino Garozzo
28636,Historia del Universo Paralelo,26,Joseph Marshall
225315,Biología Marina,22,Bernabé Ariño-Pineda
71799,Psicología Canina,20,Sabrina Woodard
60590,Filosofía Cuántica,30,Emiliano Roca Salom
26170,Diseño de Moda Intergaláctica,29,Sig. Calogero Pizzetti
61160,Psicología Canina,30,Brian Robertson
155023,Psicología Canina,26,Julio Ferrando-Carreras
111413,Diseño de Moda Intergaláctica,29,Gianpietro Cagnin-Bataglia
247111,Cocina Molecular,21,John Perez
179025,Filosofía Cuántica,22,María Carmen Puerta Pou
216461,Artes del Café,27,Mariano Cazorla
160591,Artes del Café,27,Carolina Rusticucci
123250,Psicología Canina,22,Crystal Gardner
220153,Biología Marina,23,Isaura Nogués Quesada
105542,Cocina Molecular,30,Cleto Adrián Galvez Mateo
35600,Filosofía Cuántica,25,Maria Freeman
238914,Turismo Espacial,30,David Gray
65005,Artes del Café,18,Lucas Tomás Hernández Bru
94194,Artes del Café,18,Girolamo Trillini
55385,Biología Marina,29,Amalia Gabba
131326,Música para Plantas,21,John Hayes
151908,Historia del Universo Paralelo,18,Cristina Versace
105345,Teoría Práctica,27,Benjamin Davis
107667,Filosofía Cuántica,24,Heidi Wong
120108,Artes del Café,21,Ronaldo Mercadante-Gaito
57275,Teoría Práctica,26,Victoria Page
143443,Turismo Espacial,30,James Daniels
202682,Biología Marina,20,Sig.ra Clelia Segni
29980,Música para Plantas,24,Girolamo Crispi
157260,Historia del Universo Paralelo,20,Thomas Johnson
98602,Filosofía Cuántica,19,Paul Edwards
98434,Diseño de Moda Intergaláctica,23,María Fernanda Uría
36860,Cocina Molecular,23,Zaida Castillo Valverde
62232,Diseño de Moda Intergaláctica,20,Carrie Hawkins
242971,Música para Plantas,29,Matilde Garriga Carrasco
54908,Turismo Espacial,29,Robert Gardner
216306,Historia del Universo Paralelo,23,Dott. Mario Brichese
63896,Artes del Café,21,Matthew Davis
48736,Cocina Molecular,27,Fortunata Casale
30704,Diseño de Moda Intergaláctica,30,Peter Hart
215178,Filosofía Cuántica,24,Cipriano Rico Valderrama
155703,Cocina Molecular,18,Alex Poza Abascal
144787,Biología Marina,23,Rebecca Francis
6512,Diseño de Moda Intergaláctica,20,Reyes Solana Gallo
220119,Psicología Canina,27,Cayetana Sureda-Puig
81150,Artes del Café,20,Erik Rodriguez
185649,Filosofía Cuántica,20,Giada Colletti
235063,Psicología Canina,24,Elena Colomer Moya
236602,Teoría Práctica,21,Dott. Pierluigi Grassi
149630,Teoría Práctica,24,Lucila Pomares Cazorla
212156,Turismo Espacial,22,Delfino Pisani
6751,Psicología Canina,23,Sig. Camillo Aloisio
208850,Cocina Molecular,30,Rossana Sraffa
230916,Filosofía Cuántica,22,Venancio Redi
204635,Música para Plantas,22,Carlota Ruano Ramos
95444,Psicología Canina,21,Melania Marenzio
58133,Turismo Espacial,18,Allegra Marangoni
684,Historia del Universo Paralelo,24,Heriberto Barrios Duarte
231548,Música para Plantas,23,Kayla Gonzalez
20280,Música para Plantas,22,Leone Pacelli
84333,Psicología Canina,19,Michael Scott
45284,Biología Marina,25,Giampiero Marrone
121901,Filosofía Cuántica,18,Jonatan Llamas Morell
50729,Música para Plantas,20,Lazzaro Cendron
15537,Artes del Café,20,Valeria Maestre Ugarte
152496,Biología Marina,23,Sig. Amleto Finetti
195292,Historia del Universo Paralelo,21,Isabella Smith
179060,Biología Marina,30,Piergiorgio Bernardi
246966,Teoría Práctica,30,Angelo Gori
137302,Psicología Canina,26,Michelle Carlson
237454,Música para Plantas,29,Paulino Rosales Belda
117710,Filosofía Cuántica,18,Susanna Filzi
50367,Cocina Molecular,24,Erasmo Ropero Mas
188379,Historia del Universo Paralelo,30,Elena Tagliafierro
170495,Música para Plantas,26,Josefina Carrión Hernández
129486,Psicología Canina,18,Michael Baker
98253,Música para Plantas,26,Abigail Smith
156114,Teoría Práctica,23,Angela Lucero
127599,Biología Marina,27,Enrique Egea
53950,Música para Plantas,28,Andrew Clark
198996,Teoría Práctica,18,Cindy Sanchez
194349,Música para Plantas,19,Marco Alfieri
38129,Turismo Espacial,29,Teo Uría
79655,Biología Marina,21,Dott. Ugo Pulci
170400,Filosofía Cuántica,20,Dott. Guido Sansoni
225201,Música para Plantas,20,Rolando Odescalchi
36127,Turismo Espacial,28,Kathy Williams
226855,Turismo Espacial,21,Fiorino Armellini
209418,Teoría Práctica,30,Rosa Pellico
34592,Historia del Universo Paralelo,24,María Jesús Requena Castejón
182893,Filosofía Cuántica,21,Ismael Bermudez Cabrero
8983,Artes del Café,28,Severino Giolitti
131876,Cocina Molecular,26,Teo del Torrijos
103512,Psicología Canina,18,Elena Vezzali
67870,Artes del Café,20,Eleuterio Miralles-Ayllón
98995,Diseño de Moda Intergaláctica,27,Cristian Segismundo Carrasco Calderon
128472,Música para Plantas,26,Gelsomina Scotto
111723,Filosofía Cuántica,21,Teo Galindo
172918,Psicología Canina,26,Lee Carpenter
189539,Biología Marina,22,Salud Mayo Samper
93737,Psicología Canina,29,Tamara Hill
183210,Artes del Café,28,Bárbara Salvador-Berrocal
86897,Cocina Molecular,22,Michelle Navarro
234166,Psicología Canina,21,Joshua Rodriguez
57241,Artes del Café,28,Caterina Trentin-Tagliafierro
66185,Música para Plantas,20,Dott. Patrizio Verga
74569,Cocina Molecular,21,Amanda Arrieta Cózar
48701,Artes del Café,19,Santino Pometta
648,Biología Marina,29,Carmelo Caffarelli
114716,Historia del Universo Paralelo,24,Catherine Burnett
125000,Música para Plantas,27,Eugenia Roth
182701,Cocina Molecular,21,Richard Richards
180856,Teoría Práctica,30,Estela Manzano Trillo
204968,Turismo Espacial,25,Anna Rodgers
73231,Filosofía Cuántica,23,Carlo Zanichelli
201374,Teoría Práctica,30,Sig. Pompeo Dandolo
2863,Artes del Café,22,Ignacio Calzada
39628,Psicología Canina,24,Ryan Arroyo
186419,Diseño de Moda Intergaláctica,24,Tyler Allen
142212,Cocina Molecular,21,Virginia Orlando
120527,Cocina Molecular,22,Rogelio Figueroa Cánovas
55795,Historia del Universo Paralelo,24,Herminia Barros-Pinto
805,Cocina Molecular,28,Inmaculada Barón-Amat
235425,Teoría Práctica,22,Joshua Harvey
16578,Biología Marina,30,Tiziana Nordio
118938,Biología Marina,25,Gianluca Siffredi-Lopresti
138433,Filosofía Cuántica,25,Alex Barrio Martin
191461,Historia del Universo Paralelo,24,James Patterson
161782,Psicología Canina,24,Monica Ramos
97434,Filosofía Cuántica,21,Dario Cicala
135671,Biología Marina,20,Fabrizio Vigorelli
221199,Música para Plantas,29,Dennis White
29845,Filosofía Cuántica,24,Ramona Cantón Botella
63831,Teoría Práctica,19,Ornella Dulbecco
64702,Turismo Espacial,26,Nathan Stephens
6903,Turismo Espacial,21,Pastora Barrera Roman
143436,Biología Marina,24,Eloy del Costa
157241,Historia del Universo Paralelo,21,Kristin Wright
128769,Biología Marina,29,Laura Turner
90779,Diseño de Moda Intergaláctica,21,Gustavo Turrini
230686,Historia del Universo Paralelo,24,Eduardo Jaume Reig
232199,Cocina Molecular,30,Piergiorgio Scaduto
132315,Filosofía Cuántica,25,Uberto Bettin
52347,Psicología Canina,20,Brian Stewart
211735,Biología Marina,30,Nina Castellitto
222429,Música para Plantas,26,Juan Bautista Vizcaíno Larrea
174661,Diseño de Moda Intergaláctica,20,Amanda Evans
144944,Música para Plantas,21,Azeneth Vila Zabaleta
27056,Turismo Espacial,22,Diane Cole
170665,Artes del Café,25,Raffaele Iannucci
63754,Filosofía Cuántica,25,Shawn Greene
103072,Cocina Molecular,27,Kimberly Bates
102868,Diseño de Moda Intergaláctica,20,Nicoletta Cavalcanti
23291,Historia del Universo Paralelo,27,Peter Smith DDS
235540,Turismo Espacial,28,Sebastiano Bodoni
217407,Psicología Canina,29,Celso Salamanca Rozas
25747,Artes del Café,19,Federico Jose Miguel Arcos Martí
158830,Cocina Molecular,23,Monica Baldwin
179459,Biología Marina,29,Abigaíl Ramis Méndez
209605,Diseño de Moda Intergaláctica,21,Caitlyn Shelton
170124,Música para Plantas,18,Iolanda Frescobaldi-Cignaroli
145043,Psicología Canina,23,Pamela Moore
65120,Artes del Café,21,Sig. Amico Trapanese
70962,Artes del Café,18,Sig.ra Marta Tacchini
22531,Teoría Práctica,25,Dolores Petrucci
64909,Artes del Café,28,Carla Carli
189436,Turismo Espacial,30,Tatiana Manjón Sarmiento
57213,Música para Plantas,30,Melissa Patel
70604,Psicología Canina,21,Bárbara Carbajo-Perera
98142,Turismo Espacial,29,Basilio Ródenas Morante
167076,Filosofía Cuántica,25,Pía Martirio Falcó Amores
56842,Biología Marina,30,Yaiza del Barceló
238227,Biología Marina,19,Kimberly Fisher
49881,Historia del Universo Paralelo,21,Paul Harris
59108,Diseño de Moda Intergaláctica,30,Encarnacion de Castañeda
174172,Artes del Café,27,Alec Vargas
230640,Diseño de Moda Intergaláctica,27,Eugenia Luzi
44959,Cocina Molecular,28,Elba Viviana Morillo Maestre
95011,Turismo Espacial,26,Leonardo Augusto Ruano Riera
205770,Artes del Café,25,Rita Respighi-Amaldi
79666,Psicología Canina,25,Todd Barnett
73060,Turismo Espacial,29,Eloísa Duarte Clavero
113867,Diseño de Moda Intergaláctica,21,Salvi Tonisto
127889,Música para Plantas,22,Ignazio Finzi
103689,Teoría Práctica,25,Marta Borsellino
167210,Biología Marina,18,Matteo Procacci-Proietti
223964,Turismo Espacial,24,Goffredo Germano
112772,Diseño de Moda Intergaláctica,22,Alicia Sanjuan
136591,Psicología Canina,26,Loredana Cibin-Orengo
143539,Diseño de Moda Intergaláctica,20,Dorita Ribera Amat
140014,Diseño de Moda Intergaláctica,18,Jason Thomas
42978,Música para Plantas,21,Ansaldo Cainero
233056,Música para Plantas,30,Desiderio de Polo
167007,Turismo Espacial,22,Leslie Bishop
13994,Turismo Espacial,22,Jessica Mendoza
60859,Turismo Espacial,24,Donald Taylor
246845,Artes del Café,25,Renato Moya Garzón
166258,Cocina Molecular,23,Áurea Sales
164367,Historia del Universo Paralelo,23,Bautista Arellano Aguilar
50271,Historia del Universo Paralelo,26,Rocco Callegari
135692,Biología Marina,29,Jill Martinez
112320,Música para Plantas,24,Lauretta Luzi-Ruggeri
171195,Música para Plantas,28,Feliciana Martinez Ugarte
69898,Historia del Universo Paralelo,24,Michael Torres
120568,Turismo Espacial,19,Taylor Bell
16843,Historia del Universo Paralelo,27,Matthew Mcguire
118093,Artes del Café,20,Jared Mills
128899,Artes del Café,23,Isa Iacobucci
204327,Artes del Café,19,Natanael de Goicoechea
180247,Psicología Canina,25,Romeo Scialpi-Boaga
104762,Filosofía Cuántica,21,Itziar Lopez Garcia
112867,Filosofía Cuántica,21,Kathy Burton
221515,Psicología Canina,19,Nedda Carnera
156023,Psicología Canina,28,Sig.ra Alessia Chiesa
144641,Turismo Espacial,27,Rogelio Clemente
139727,Psicología Canina,22,Daria Foletti-Ubaldi
191757,Historia del Universo Paralelo,18,Amando Iñiguez
135481,Psicología Canina,22,Tiziano Pirelli
4758,Diseño de Moda Intergaláctica,19,Jennifer Blair
194365,Filosofía Cuántica,27,Jade Hamilton
88577,Teoría Práctica,24,Kathy Butler
183689,Turismo Espacial,28,Lucio Tonisto-Zarlino
185747,Cocina Molecular,28,Bruce Allen
155247,Filosofía Cuántica,28,Vittorio Righi
23800,Psicología Canina,29,Rosalina Galindo
179654,Diseño de Moda Intergaláctica,23,Olga Crisafulli
141096,Historia del Universo Paralelo,27,Enrique Palau
61338,Teoría Práctica,20,Ana Bell
85799,Filosofía Cuántica,18,Roberto Cociarelli
61950,Biología Marina,18,Jay Benjamin
102465,Filosofía Cuántica,23,Karen Woods
174343,Turismo Espacial,20,Lalo Lasa Cepeda
115502,Cocina Molecular,23,Eugene Johnson
24178,Biología Marina,19,Américo Llorens
34758,Teoría Práctica,20,Tina Cantimori-Polizzi
19107,Música para Plantas,26,Azahar López
1585,Filosofía Cuántica,18,Cassandra Barberini-Pizzetti
22196,Biología Marina,28,Marisa Platini
131840,Biología Marina,25,Christopher Clark
110066,Filosofía Cuántica,27,Julia Colon
81683,Filosofía Cuántica,24,Adelmo Brambilla
90395,Turismo Espacial,27,Gianfranco Torlonia
136437,Turismo Espacial,28,Ms. Elizabeth Green
99455,Historia del Universo Paralelo,18,Emilio Callegari
219425,Psicología Canina,18,Wilfredo Ismael Corral Osorio
225380,Artes del Café,22,Amy Blanchard
193445,Biología Marina,26,Ettore Ammaniti
152751,Artes del Café,27,William James
56656,Filosofía Cuántica,29,Blas Pascual Zapata
184976,Diseño de Moda Intergaláctica,24,Soraya Arcos Camps
52597,Artes del Café,21,Dario Fermi
137441,Psicología Canina,22,Adela Leiva Suárez
108434,Diseño de Moda Intergaláctica,27,Jessica Farmer
10541,Turismo Espacial,29,Robin Bishop
214930,Biología Marina,26,Zachary Carlson
117037,Historia del Universo Paralelo,30,Galo Mateo Mancebo
70842,Biología Marina,19,Godofredo Cózar
61734,Biología Marina,27,Kimberly Dixon
142983,Música para Plantas,24,Michael Archer
90087,Artes del Café,29,Piermaria Abate
170960,Música para Plantas,20,Galasso Buscetta
146446,Filosofía Cuántica,29,Danielle Ashley
131351,Música para Plantas,24,Alyssa Brooks
89119,Diseño de Moda Intergaláctica,24,Helen Lindsey
22308,Teoría Práctica,21,Benito Finotto
54592,Teoría Práctica,27,Sig. Vittorio Ferragamo
218007,Cocina Molecular,28,Sig. Niccolò Gadda
163961,Diseño de Moda Intergaláctica,23,Jennifer Rojas
162836,Historia del Universo Paralelo,30,Maristela Cabanillas-Castilla
202689,Teoría Práctica,22,Maxi Araujo Plana
96105,Artes del Café,26,Rita Tomas Gomis
38022,Música para Plantas,24,Fernando Mcclain
73481,Biología Marina,20,Ninetta Donati
188383,Artes del Café,20,Delfina Coral Aller Guardia
128941,Música para Plantas,25,Martino Scotti
50193,Turismo Espacial,30,Thomas Rivera
9525,Filosofía Cuántica,29,Eugenia Cilibrasi
35392,Biología Marina,27,Joseph Romero
207876,Biología Marina,29,Renata Celentano
147739,Artes del Café,23,José María Mora Dávila
119211,Artes del Café,29,Alberico Favata
152065,Música para Plantas,22,Nicholas Clark
248336,Historia del Universo Paralelo,26,Sig.ra Lisa Zamengo
196345,Teoría Práctica,28,Dott. Giada Govoni
6242,Psicología Canina,19,Angélica Viñas Plana
245112,Turismo Espacial,30,Cristian Arenas-Castrillo
140635,Cocina Molecular,27,Tito Jesús Pulido Gracia
9331,Música para Plantas,25,David Burnett
218823,Historia del Universo Paralelo,18,Mayte Mirta Gallego Moraleda
63929,Cocina Molecular,18,Alphons Fracci
199952,Psicología Canina,28,Ana Belén de Palau
116268,Filosofía Cuántica,22,Guadalupe Victor Cabeza Cerdá
185193,Cocina Molecular,22,Elizabeth Stewart
14969,Cocina Molecular,21,María Andres
20829,Historia del Universo Paralelo,28,Cynthia Brown
161195,Psicología Canina,26,Enzio Ammaniti
19571,Biología Marina,24,Dott. Luchino Federici
217947,Psicología Canina,21,Eric Stevens
103751,Teoría Práctica,26,Godofredo Zamorano Folch
50377,Psicología Canina,23,Tiburcio Abascal Goicoechea
92862,Artes del Café,19,Irene Calatayud-Domingo
109359,Diseño de Moda Intergaláctica,27,Eugenio Blanch Alcázar
122428,Teoría Práctica,22,Rembrandt Trapanese
69390,Cocina Molecular,28,Dott. Luisa Trentini
102950,Filosofía Cuántica,28,Pascual Vall Gallego
5313,Cocina Molecular,18,Ottavio Brenna
190190,Diseño de Moda Intergaláctica,28,Anacleto Perez Camino
218209,Historia del Universo Paralelo,22,Jodi Gilmore MD
50067,Diseño de Moda Intergaláctica,29,Miss Stephanie Anthony
45922,Biología Marina,28,José Gómez Serra
118932,Diseño de Moda Intergaláctica,21,Patricia Reed
32553,Diseño de Moda Intergaláctica,29,Sean Lewis
158355,Teoría Práctica,21,Andrew Escobar
115251,Música para Plantas,26,Sig. Agnolo Rossellini
67570,Historia del Universo Paralelo,18,Kathy Mahoney
63574,Artes del Café,28,Gioachino Trapanese
201209,Turismo Espacial,20,Shelley Peterson
115218,Artes del Café,22,Gioacchino Ferrucci
70016,Teoría Práctica,21,Danielle Rodriguez
50713,Historia del Universo Paralelo,26,Isaac Casas
248712,Biología Marina,22,Rodolfo Trevisani
179484,Psicología Canina,21,Tiziana Dallapé
238801,Historia del Universo Paralelo,18,Loretta Fischetti
150578,Biología Marina,30,Beatrice Bettin-Castellitto
143223,Teoría Práctica,20,Marcio Marco Gómez Palacios
14489,Filosofía Cuántica,21,Gianfrancesco Missoni
163832,Psicología Canina,26,Mauro Broggini
209398,Biología Marina,24,Lilla Gregori
105879,Turismo Espacial,23,Sarah Williams
12797,Diseño de Moda Intergaláctica,19,Estefanía del Bautista
89610,Teoría Práctica,24,Ermes Mattarella-Comisso
14787,Turismo Espacial,18,Adrian Stephens
108046,Biología Marina,24,Jeremy Carey
101593,Música para Plantas,29,Lucia Barbarigo
192982,Historia del Universo Paralelo,19,Barbara Comeriato
225020,Diseño de Moda Intergaláctica,18,Gino Satriani-Cuzzocrea
153210,Psicología Canina,20,Artemio del Olmo
80693,Artes del Café,18,Esperanza Duarte Frutos
124906,Música para Plantas,29,Cándida Pino Villaverde
239508,Historia del Universo Paralelo,27,Gianfrancesco Veneziano
33762,Biología Marina,28,Gionata Rosiello
27840,Turismo Espacial,21,Jonathan Carney
39389,Diseño de Moda Intergaláctica,22,Flora Collina
240468,Psicología Canina,21,Lauretta Tommaseo
193386,Cocina Molecular,23,Coral María Echeverría Bosch
229834,Teoría Práctica,20,Angelica Mazzi-Rossellini
226427,Filosofía Cuántica,19,Paulina Casarin
23608,Música para Plantas,22,Sig. Pierangelo Querini
72722,Cocina Molecular,29,Damiano Nicoletti
247296,Música para Plantas,22,Flora Guarato
201779,Cocina Molecular,19,Douglas Meadows
85563,Cocina Molecular,20,Michael Spencer
122977,Psicología Canina,25,Jimena Collado Álvaro
67490,Turismo Espacial,19,Artemio Casal Verdejo
29003,Artes del Café,18,Guiomar Fuster Zamorano
106581,Historia del Universo Paralelo,18,Josefa Anunciación Zorrilla Clemente
200614,Teoría Práctica,27,Francisco Jose de Miranda
54113,Filosofía Cuántica,26,Stacy Greer
166823,Cocina Molecular,21,Mark Lewis
125323,Teoría Práctica,21,Natividad Salgado Serrano
167446,Artes del Café,24,Dino Camicione
105499,Filosofía Cuántica,30,Kevin Barnett
113436,Cocina Molecular,23,Elena Ovadia-Geraci
210729,Teoría Práctica,26,Morgan Young
102081,Teoría Práctica,27,Custodia Herrero Izquierdo
197579,Psicología Canina,20,Felicia Mccoy
39905,Turismo Espacial,18,Ashley Silva
38020,Artes del Café,28,Antonio Newman
133833,Cocina Molecular,23,Angelica Versace
106667,Filosofía Cuántica,30,Julia Brown
20255,Filosofía Cuántica,26,Michael Green
210165,Biología Marina,18,Eva María Ariadna Feijoo Portillo
129801,Psicología Canina,26,Elladio Pacillo-Balbi
33680,Diseño de Moda Intergaláctica,21,Toribio Benet Cardona
134321,Psicología Canina,18,Teodoro Diego Torrent
184028,Música para Plantas,18,Dan Galán-Alcolea
89388,Teoría Práctica,25,Felicia del Jara
157909,Diseño de Moda Intergaláctica,19,Sandra Lamas Sureda
8436,Teoría Práctica,29,Carmina del Jove
25853,Diseño de Moda Intergaláctica,24,Eugenia Valmarana
179078,Turismo Espacial,24,Nino Gabba
116902,Filosofía Cuántica,22,Sandra Bosurgi-Cerutti
52490,Turismo Espacial,18,Flavia Rizzo
82515,Música para Plantas,21,Patrick Jones
210287,Diseño de Moda Intergaláctica,20,Adelasia Pacetti
168634,Cocina Molecular,23,Lucila Gárate-Álamo
156882,Filosofía Cuántica,19,Jennifer White
76215,Diseño de Moda Intergaláctica,19,Melissa Sanchez
194876,Psicología Canina,27,Urbano del Mur
169541,Filosofía Cuántica,25,Debra Mills
89669,Turismo Espacial,18,Cindy Brown
212617,Diseño de Moda Intergaláctica,20,Joshua Pratt
41237,Artes del Café,18,Dott. Pasquale Germano
123604,Artes del Café,30,Serafina Barillaro
170933,Música para Plantas,23,Lope Manrique Huerta
143589,Música para Plantas,19,Jessica Beck
152414,Cocina Molecular,22,Hector Puig-Torre
159241,Turismo Espacial,18,Mario Borrás Blazquez
20516,Cocina Molecular,26,Juan Schwartz
233447,Historia del Universo Paralelo,30,Anita Baquero Hervia
169276,Teoría Práctica,20,Lisa Newman
18677,Psicología Canina,23,Noé Pinto Martínez
24191,Cocina Molecular,29,Timothy Webb
17377,Cocina Molecular,26,Mr. David Nolan MD
15854,Cocina Molecular,26,Fortunato Bartolomé Gilabert
201511,Teoría Práctica,20,Fredo Puglisi-Grisoni
135184,Música para Plantas,18,Concetta Capecchi
18743,Historia del Universo Paralelo,28,Giuseppina Naccari
223475,Filosofía Cuántica,25,Shelly Lopez
193588,Teoría Práctica,23,Dott. Goffredo Polizzi
1890,Turismo Espacial,26,Donna Jones
23325,Cocina Molecular,20,Lolita Aporti
217943,Música para Plantas,18,Calogero Venditti
38366,Biología Marina,25,Dott. Marta Cabibbo
241575,Música para Plantas,29,Meagan Bauer
90538,Música para Plantas,21,Ezio Berengario
145587,Diseño de Moda Intergaláctica,24,Kimberly Potter
204869,Diseño de Moda Intergaláctica,25,Kevin Dixon
69481,Música para Plantas,24,Sig.ra Rosalia Pigafetta
93815,Turismo Espacial,23,Emigdio Lladó Durán
37790,Cocina Molecular,22,Sig. Luca Nolcini
62349,Biología Marina,26,Ivan Doyle
73148,Música para Plantas,20,Tanya Whitehead
16369,Psicología Canina,28,Estefanía Leocadia Tovar Pujol
139038,Diseño de Moda Intergaláctica,24,Ricarda Márquez Luz
60442,Cocina Molecular,18,Livia Tron
136629,Psicología Canina,20,Lori Wallace
16806,Música para Plantas,18,Elizabeth Martin
15801,Historia del Universo Paralelo,29,Fabiola Frutos Urrutia
129187,Turismo Espacial,22,Natanael Rosales Carpio
161658,Teoría Práctica,20,Ashley Ramirez
128700,Biología Marina,29,Ignazio Parpinel
81278,Diseño de Moda Intergaláctica,30,Malena Sainz Mínguez
76400,Diseño de Moda Intergaláctica,27,Tina Fernandez
154291,Biología Marina,23,Florinda Llopis-Cueto
105334,Teoría Práctica,18,Sig.ra Giada Scialpi
201401,Filosofía Cuántica,19,Christopher Diaz
61647,Historia del Universo Paralelo,27,Pacífica Alcalde
23321,Biología Marina,25,Galasso Balotelli
179548,Psicología Canina,25,Graziella Pratesi-Bellucci
97759,Música para Plantas,20,Giancarlo Giammusso
49389,Artes del Café,26,Sara Kerr
1924,Música para Plantas,25,Terry Jackson
76373,Diseño de Moda Intergaláctica,30,Eugenio Oliva Tejero
35310,Psicología Canina,19,Etelvina de Puerta
25799,Filosofía Cuántica,25,Sheila Pope
33195,Filosofía Cuántica,30,Jonatan Larrea
70407,Biología Marina,25,Jill Contreras
165168,Artes del Café,22,Ileana Agustí Roig
74821,Psicología Canina,27,Tatiana Troisi
26666,Filosofía Cuántica,24,Jennifer Carr
29195,Cocina Molecular,24,Michael Nelson
159698,Teoría Práctica,25,Nathan Kerr
136542,Biología Marina,23,Dott. Pompeo Riccati
190163,Psicología Canina,20,Augusto Pisani
62372,Filosofía Cuántica,27,Taylor Rogers
55287,Artes del Café,30,Cristian Calderon
181850,Diseño de Moda Intergaláctica,29,Germán Benavides Guzmán
110603,Turismo Espacial,29,Jolanda Gianetti
214347,Cocina Molecular,30,Maria Gremese
89177,Música para Plantas,21,Monica Valentine
79782,Música para Plantas,28,Adam Ward PhD
149341,Historia del Universo Paralelo,19,Raimondo Vidoni
77830,Historia del Universo Paralelo,19,Milena Caccianemico-Baracca
6640,Psicología Canina,21,Alicia Duque Ruano
2812,Filosofía Cuántica,25,María Carmen Pavón-Rosales
58931,Historia del Universo Paralelo,23,Micaela Costa Ricart
113869,Música para Plantas,23,Abraham del Barrio
158103,Cocina Molecular,27,Joel Henry
229200,Artes del Café,30,Inés Lozano Alcolea
240686,Psicología Canina,29,Mark Butler
6160,Teoría Práctica,23,Patty Wong
7974,Música para Plantas,28,Beth Myers
53360,Artes del Café,19,Joel Maza Diéguez
93935,Cocina Molecular,21,Bridget Graham
146196,Filosofía Cuántica,29,María Jesús Santamaria
141256,Historia del Universo Paralelo,22,Abel Goñi Gonzalez
233435,Turismo Espacial,19,Jesus Page
150355,Artes del Café,22,Christopher Long
160394,Artes del Café,22,Dott. Beppe Semitecolo
244363,Música para Plantas,24,Dott. Alina Schiavone
68631,Psicología Canina,23,Tiburcio González Escobar
42060,Teoría Práctica,26,Giampiero Solari
55081,Biología Marina,27,Sean Moore
181790,Psicología Canina,21,Robert Schroeder
149432,Teoría Práctica,25,Dario Fracci
85946,Artes del Café,29,Natividad Sarabia Maestre
72633,Teoría Práctica,21,Giulia Raimondi
57832,Cocina Molecular,21,Ricarda Angulo Cobo
129364,Historia del Universo Paralelo,18,Ashley Ramirez
51263,Turismo Espacial,25,Michael Johnston
41202,Filosofía Cuántica,21,Georgina Julie Beltrán Gordillo
88340,Teoría Práctica,30,Matthew Montoya
100106,Historia del Universo Paralelo,24,Gerónimo Santiago Folch Aguado
88562,Turismo Espacial,20,Renato Marc Abascal Iglesia
146868,Historia del Universo Paralelo,29,Sig. Matteo Zoppetto
24427,Turismo Espacial,25,Augusto Angiolello
71444,Psicología Canina,26,Carmela del Marquez
224422,Filosofía Cuántica,24,Kaitlyn Scott
73996,Teoría Práctica,26,Valeria Anichini
43130,Historia del Universo Paralelo,21,Kevin Cochran PhD
167647,Turismo Espacial,26,Savannah Simpson
40895,Turismo Espacial,18,Gianpietro Visintini-Malaparte
145678,Turismo Espacial,21,Priscila del Gaya
156507,Cocina Molecular,21,Dr. Jamie Hodges
233572,Diseño de Moda Intergaláctica,18,Lucía Pedrero
222182,Filosofía Cuántica,27,Sheila Hughes
175271,Diseño de Moda Intergaláctica,24,Jeffery Zimmerman
19562,Psicología Canina,23,Antonietta Naccari
248197,Psicología Canina,29,Teófila de Dominguez
11301,Diseño de Moda Intergaláctica,21,Santino Garibaldi
246605,Filosofía Cuántica,30,Nancy Griffin
123589,Artes del Café,22,Michael Clark
119153,Turismo Espacial,21,Clarisa Galiano Miró
4306,Música para Plantas,24,Stephanie Walker
209724,Cocina Molecular,26,Sofía Grau Llabrés
81612,Cocina Molecular,28,Antonino Priuli
160078,Historia del Universo Paralelo,20,John Long
37198,Historia del Universo Paralelo,25,Valentín Albino Seguí Fernandez
101467,Historia del Universo Paralelo,22,Rachel Evans
47885,Turismo Espacial,26,Tatiana Pasolini
106051,Biología Marina,27,Dott. Durante Iannotti
152566,Artes del Café,18,Karen Stanley
206234,Cocina Molecular,18,Annalisa Bergoglio
248113,Diseño de Moda Intergaláctica,29,Donatella Anguillara
247214,Diseño de Moda Intergaláctica,19,Mr. Nicholas Edwards
200358,Biología Marina,24,Martina Carosone
34556,Psicología Canina,20,Narcisa Toro Abella
74199,Teoría Práctica,30,Federigo Toldo
172258,Turismo Espacial,25,Sarah Greene
243090,Turismo Espacial,27,Isabela Cervantes Lobato
135284,Filosofía Cuántica,29,Amanda Schroeder
8513,Filosofía Cuántica,26,Jerry Morrison
66683,Filosofía Cuántica,19,Lori Young
56553,Biología Marina,23,José Humberto Pinto Berenguer
163338,Teoría Práctica,22,Marita Mesa Portillo
33297,Diseño de Moda Intergaláctica,25,Nina Farnese-Badoglio
62739,Biología Marina,27,Rose Stewart
56271,Cocina Molecular,25,Anthony Drake
214964,Turismo Espacial,18,Debra Trujillo
228661,Psicología Canina,29,Imelda Treccani-Liguori
91060,Historia del Universo Paralelo,28,Monica Lawson
34892,Diseño de Moda Intergaláctica,26,Rubén del Cortés
71131,Música para Plantas,29,Jason Cook
177525,Biología Marina,27,Annalisa Forza
74671,Filosofía Cuántica,27,Sig.ra Irma Borghese
109863,Filosofía Cuántica,21,Mariano Ughi
36016,Cocina Molecular,26,Catherine Myers
241488,Cocina Molecular,22,Haley Miller
234232,Turismo Espacial,25,Teresa Accardo
243116,Psicología Canina,29,Lisa Mccann
2486,Teoría Práctica,30,Laura Contreras-Cuevas
87895,Artes del Café,21,Michael Smith
179367,Filosofía Cuántica,29,Juana Portillo Bauzà
16956,Filosofía Cuántica,23,Azucena Palacio Granados
112580,Biología Marina,20,Ruperta Aragonés Fuente
120481,Diseño de Moda Intergaláctica,28,Alyssa Stone
86910,Teoría Práctica,19,Maribel Rodrigo Posada
241252,Historia del Universo Paralelo,18,Kevin Jenkins
184972,Historia del Universo Paralelo,30,Fernanda Guidotti
201813,Teoría Práctica,22,Carlito Canet
94704,Cocina Molecular,18,Íngrid Paz Varela
213835,Turismo Espacial,23,Brittany Fletcher
197755,Historia del Universo Paralelo,19,Maurice Nelson
50960,Turismo Espacial,24,Daniela Plana-Castelló
42387,Artes del Café,25,John Jordan
95353,Música para Plantas,30,Andrew Evans
7415,Artes del Café,23,Nadia Littizzetto-Belletini
128429,Turismo Espacial,19,Zaida Buendía Balaguer
96690,Diseño de Moda Intergaláctica,19,Adriano Granatelli
113319,Filosofía Cuántica,23,Estela Palma
182356,Música para Plantas,23,Javier Clavero Montenegro
210269,Psicología Canina,26,Nichole Simon
172432,Turismo Espacial,26,Bianca Bataglia
212796,Cocina Molecular,21,Ronald Brown
15838,Teoría Práctica,18,Erica Howard
99152,Diseño de Moda Intergaláctica,26,Amalia Arnau Madrigal
96817,Cocina Molecular,18,Maria Ruggeri
164865,Historia del Universo Paralelo,20,Sandalio Infante Palma
177299,Historia del Universo Paralelo,22,John Williams
126188,Psicología Canina,23,Tiffany Boyd
164710,Turismo Espacial,30,Dorotea Coll
170230,Artes del Café,25,Inmaculada Inés Frías García
219122,Teoría Práctica,24,Eric Booth
240040,Diseño de Moda Intergaláctica,28,Pierina Cendron
9823,Psicología Canina,22,Arturo Rosado Cardona
198847,Psicología Canina,18,Hannah Dixon
51393,Música para Plantas,21,Piergiorgio Altera
23119,Teoría Práctica,18,Fernanda Sagredo-Cardano
127385,Teoría Práctica,18,Phillip Walters
158122,Psicología Canina,18,Morena Ortiz Fabregat
84594,Artes del Café,25,Benjamin Keller
151386,Diseño de Moda Intergaláctica,19,Victoriano Moya Sotelo
61316,Psicología Canina,30,Maite Calderon Rivera
165245,Cocina Molecular,18,Gerald Rios
224998,Filosofía Cuántica,27,Kimberly Carter
110708,Artes del Café,18,Donna Sagredo
157355,Turismo Espacial,28,Severino Sagese-Cherubini
60071,Biología Marina,18,Toño Cazorla Marín
162932,Historia del Universo Paralelo,28,Antonella Moresi
198485,Turismo Espacial,30,Jacobo Valcárcel-Aroca
138958,Turismo Espacial,27,Bartolomeo Rensi-Renier
185865,Música para Plantas,26,Jennifer Kennedy
205206,Filosofía Cuántica,20,Keith Collins
249177,Biología Marina,22,Erica Johnson
65051,Cocina Molecular,21,Eulalia Portero Salvador
137779,Biología Marina,22,Roberto Nguyen
142396,Turismo Espacial,23,Valeria de Velázquez
190996,Filosofía Cuántica,22,Daniel Jensen
213887,Psicología Canina,28,Bartolomeo Pagliaro-Donini
185104,Cocina Molecular,27,Gastone Ferraris
207443,Artes del Café,19,Santiago Llobet Linares
140812,Biología Marina,23,Jennifer Kelley
166865,Biología Marina,25,Purificación Jove Bellido
144275,Historia del Universo Paralelo,26,Teodoro Dávila Escolano
238711,Música para Plantas,28,Shirley Stuart
109831,Diseño de Moda Intergaláctica,30,Encarnita Pérez Oller
111604,Psicología Canina,19,Steven Young
248908,Música para Plantas,30,Theodore Beck
16755,Cocina Molecular,19,Sherri Howard
102960,Cocina Molecular,21,Mary Williams
117960,Historia del Universo Paralelo,29,Coriolano Vecoli
205885,Diseño de Moda Intergaláctica,27,Elba Ricart Mancebo
208370,Biología Marina,18,Lisa Ortiz
238449,Teoría Práctica,25,Pastora Cánovas Gárate
52707,Música para Plantas,27,Mrs. Ashley Thompson
98383,Música para Plantas,22,Sheila Kim
233747,Filosofía Cuántica,21,Inmaculada Vila Alberto
66194,Psicología Canina,28,Felipe Cases Briones
14822,Música para Plantas,22,Francisco Lobo Quintana
48717,Cocina Molecular,19,Fortunata Raurica
230978,Música para Plantas,18,Emperatriz Pina-Arnaiz
20125,Artes del Café,30,Andrew Gilmore
164689,Historia del Universo Paralelo,20,Valentina Cózar
229622,Psicología Canina,24,Jose Horn
198946,Diseño de Moda Intergaláctica,18,Thomas Joseph
114012,Teoría Práctica,20,Carla Castelli
9922,Artes del Café,27,Renato Palomares Llopis
139921,Diseño de Moda Intergaláctica,23,Richard Phillips
232896,Psicología Canina,27,Encarna Chamorro Chamorro
206865,Filosofía Cuántica,30,Matías Vaquero Amat
16944,Psicología Canina,21,Fredo Iadanza
111780,Psicología Canina,30,Tiffany Combs
43470,Música para Plantas,28,Brianna Wallace
106326,Filosofía Cuántica,29,Alan Aguilar
80266,Psicología Canina,18,Gelsomina Beccaria
129120,Filosofía Cuántica,25,Nicholas Moyer
111408,Cocina Molecular,20,Erica Lawrence
87430,Artes del Café,29,Leonardo Pascarella
135768,Teoría Práctica,19,Rosenda Prado Lobato
162447,Filosofía Cuántica,24,Sig.ra Paola Gasperi
129799,Biología Marina,29,William Kennedy
96725,Psicología Canina,26,Pietro Bernini-Viola
225747,Teoría Práctica,26,Aimee Rodriguez
132748,Cocina Molecular,27,Marcella Fibonacci-Bembo
217828,Biología Marina,24,Giuliana Saffi
56576,Biología Marina,25,David Parker
97752,Psicología Canina,21,Liana Mannoia
34751,Diseño de Moda Intergaláctica,19,Ruy de Tejero
124389,Diseño de Moda Intergaláctica,27,Ashlee Bean
189006,Historia del Universo Paralelo,29,Alyssa Carpenter
99913,Turismo Espacial,26,Lina Manuel Gallego
193562,Psicología Canina,23,Donato Torlonia
112323,Cocina Molecular,28,Rosalinda Bejarano-Neira
48184,Música para Plantas,22,Massimo Agazzi
81821,Biología Marina,18,Santiago Adrián Serna Exposito
107430,Historia del Universo Paralelo,28,Sig.ra Tonia Chechi
220366,Música para Plantas,30,Edoardo Beffa
104822,Diseño de Moda Intergaláctica,30,Modesto Benavente-Pallarès
38676,Artes del Café,27,Albano Español Acevedo
173103,Diseño de Moda Intergaláctica,27,Daniel Hall
173456,Artes del Café,30,Alexander Leon
67835,Música para Plantas,26,Dott. Vanessa Zanzi
53447,Diseño de Moda Intergaláctica,20,Lauretta Camuccini-Morandi
56293,Historia del Universo Paralelo,18,Manuel Foster
156889,Filosofía Cuántica,23,Carolina Quevedo Marquez
62885,Artes del Café,27,Dott. Vittoria Cavalcanti
205857,Artes del Café,26,Monica Carli
16977,Psicología Canina,28,Amy Brooks
131869,Historia del Universo Paralelo,21,Laura Allen
100272,Filosofía Cuántica,30,Elizabeth Hunt
226938,Música para Plantas,21,Toni Offredi
76920,Cocina Molecular,27,Tatiana Morandi
27417,Artes del Café,23,Alessandra Contrafatto-Rienzo
127791,Filosofía Cuántica,22,Rebekah Leonard
141093,Teoría Práctica,19,Raffaella Errani
128357,Cocina Molecular,22,Edwin Ruiz
164368,Biología Marina,24,Donna Edwards
23025,Turismo Espacial,30,Amor del Giménez
110607,Historia del Universo Paralelo,21,Isabella Bellini-Tuzzolino
186548,Turismo Espacial,20,Anne Stone
158340,Música para Plantas,20,Roberto Valle
167131,Artes del Café,24,Sig.ra Gianna Sabatini
76121,Música para Plantas,22,Evangelina Cabeza Palmer
33309,Diseño de Moda Intergaláctica,23,Matilda Romagnoli
233321,Artes del Café,24,Anita Spencer
73869,Filosofía Cuántica,24,Piedad Báez-Miró
216764,Teoría Práctica,27,Bill Conrad
30642,Artes del Café,25,Krystal Shaffer
221095,Teoría Práctica,20,Dott. Fredo Cherubini
55090,Filosofía Cuántica,23,Michelle Bridges
87759,Teoría Práctica,29,Octavio Sevillano Berrocal
65014,Filosofía Cuántica,28,Sara Durham
113434,Cocina Molecular,24,Martina Zoppetti
174435,Biología Marina,27,Sig. Nicola Poerio
67325,Psicología Canina,19,Michaela Bowers
195008,Psicología Canina,28,Philip Ruiz
114553,Biología Marina,18,Úrsula Aurora Valls Avilés
108771,Filosofía Cuántica,22,Melinda Wilkerson
191812,Filosofía Cuántica,25,Stephanie Black
146167,Psicología Canina,28,Bernardino Ortiz Gimeno
161086,Artes del Café,23,Joshua Barber
3556,Psicología Canina,29,Armando Torralba Chacón
19756,Diseño de Moda Intergaláctica,26,Maria Armstrong
81512,Psicología Canina,21,Joyce Day
92744,Filosofía Cuántica,25,Sig. Ugo Montalti
234628,Psicología Canina,27,Arsenio Canali-Cocci
148575,Cocina Molecular,28,Susanna Borroni-Anastasi
76609,Psicología Canina,30,Serena Vittadello
71637,Artes del Café,28,Carolyn Mullen
179199,Cocina Molecular,20,Dott. Luigi Camuccini
88782,Filosofía Cuántica,24,Gerardo Aliaga-Franco
53240,Diseño de Moda Intergaláctica,19,Olalla Llopis Guijarro
35818,Artes del Café,30,Lucas Robinson
101786,Teoría Práctica,25,Marcella Soprano
47906,Filosofía Cuántica,30,Edelmiro Gracia Pacheco
49646,Biología Marina,29,Inocencio Calderon Zabala
201721,Artes del Café,25,Manuel Lewis
59279,Biología Marina,24,Vittoria Lombardi
169166,Teoría Práctica,27,María Sastre Almazán
18184,Biología Marina,26,Frank Brock
134887,Historia del Universo Paralelo,30,Guiomar Gabaldón
246163,Psicología Canina,29,Ileana Torrijos Moliner
86442,Música para Plantas,25,Elisa Totino
214901,Diseño de Moda Intergaláctica,28,Puccio Jacuzzi
246603,Diseño de Moda Intergaláctica,18,Baldomero Pina
223041,Historia del Universo Paralelo,23,Néstor Bárcena Heredia
128075,Artes del Café,19,Manuel Fuertes Mate
65823,Cocina Molecular,29,Belén Vizcaíno Sarabia
156331,Cocina Molecular,18,Heraclio Talavera Maestre
34061,Turismo Espacial,28,Achille Gatto
226112,Turismo Espacial,28,Michael Moss
96125,Música para Plantas,24,Eric Murphy
104002,Música para Plantas,20,Theodore Rodriguez
161880,Psicología Canina,29,Eutimio Rolando Puerta Torralba
13935,Teoría Práctica,20,Eusebio Yuste
2042,Biología Marina,27,Rosalva Macaria Borrego Saavedra
149385,Cocina Molecular,25,Brian Wiggins
99540,Artes del Café,21,Alessio Biagi
18329,Historia del Universo Paralelo,28,Piergiuseppe Foà
57766,Música para Plantas,27,Joseph Jackson
35412,Artes del Café,30,Patrizio Bandello-Rismondo
201394,Cocina Molecular,28,Janet Gregory
246247,Cocina Molecular,30,Melissa Thomas
115340,Artes del Café,18,Luciana Heras Rodrigo
47883,Biología Marina,26,Iris del Anguita
211595,Diseño de Moda Intergaláctica,27,Albert Adams
43009,Filosofía Cuántica,29,Artemio Basilio Ruano Álvaro
206033,Teoría Práctica,30,Juan Vinicio Prado Folch
232307,Diseño de Moda Intergaláctica,28,Sig. Alfio Parri
32607,Psicología Canina,25,Nicola Scotto
159660,Música para Plantas,24,José Antonio Piña Gilabert
2368,Cocina Molecular,24,Matteo Bragadin
25672,Turismo Espacial,24,Dott. Lilla Franzese
213445,Artes del Café,20,Paola Dossetti-Staglieno
16228,Diseño de Moda Intergaláctica,18,Stefano Treccani
73752,Cocina Molecular,24,Etta Comisso
239578,Teoría Práctica,23,Elmo Lovato
392,Artes del Café,24,Sig.ra Natalia Nugnes
191178,Filosofía Cuántica,20,William Smith
109526,Diseño de Moda Intergaláctica,19,Romana Grifeo
235519,Historia del Universo Paralelo,20,Loretta Lovato-Saracino
171438,Psicología Canina,19,Licia Antonioni
45684,Cocina Molecular,28,Salvi Morandi-Lippomano
23930,Historia del Universo Paralelo,19,Donna Morris
94009,Artes del Café,28,Jessica Harrison
32706,Música para Plantas,24,Apolonia Javiera Aparicio Alvarez
202806,Cocina Molecular,22,Eloísa Pareja Jove
125949,Turismo Espacial,20,Antonino Casarin
128662,Biología Marina,26,Vilma Cazorla Páez
71302,Cocina Molecular,23,Jennifer Taylor
96904,Biología Marina,26,Sergio Gomez-Moreno
168706,Filosofía Cuántica,30,Adela Cuesta Navarro
12756,Filosofía Cuántica,19,Luciana Mazzi
18579,Diseño de Moda Intergaláctica,29,Mario Paruta
191337,Música para Plantas,21,Matthew Young
187018,Teoría Práctica,24,Michelle Wagner
12912,Diseño de Moda Intergaláctica,23,Yésica Nogués Morcillo
184399,Artes del Café,18,Silvestro Borsellino
124350,Turismo Espacial,25,Modesto Ramis Campos
203638,Historia del Universo Paralelo,22,Obdulia Álvarez
42692,Diseño de Moda Intergaláctica,22,Isabella Donini
212256,Biología Marina,23,Reinaldo Castañeda Sebastián
38921,Diseño de Moda Intergaláctica,23,Toni Sancho Yuste Clemente
242883,Teoría Práctica,25,Amalia Gabrieli
17995,Psicología Canina,27,Adriana Tomei-Pincherle
198492,Teoría Práctica,21,Margherita Scotti
78476,Diseño de Moda Intergaláctica,23,Sarita Calvo
15017,Filosofía Cuántica,18,Kathleen Mitchell
148962,Diseño de Moda Intergaláctica,26,Anthony Wyatt
68220,Filosofía Cuántica,23,Rosalia Aloisio
39031,Biología Marina,23,Aurora Verdú Manuel
116455,Turismo Espacial,26,Achille Toselli-Serraglio
249053,Turismo Espacial,30,Clímaco Hierro-Miró
180784,Diseño de Moda Intergaláctica,29,Leone Guicciardini
298,Música para Plantas,22,Edwin Lee Jr.
111630,Biología Marina,28,Sig. Gionata Branciforte
219080,Psicología Canina,23,Jake Mason
1906,Artes del Café,21,Eric Alvarado
198448,Música para Plantas,20,Puccio Fallaci
187,Teoría Práctica,28,Amor del Valderrama
7275,Artes del Café,21,Dott. Oreste Luciani
132973,Música para Plantas,30,Michael Thompson
158102,Biología Marina,26,Felix Múñiz-Cordero
81618,Teoría Práctica,20,Josefa Graciana Fajardo Bermúdez
8072,Teoría Práctica,24,Paz Verónica Casares Lledó
60107,Diseño de Moda Intergaláctica,19,Germana Puccini
248796,Biología Marina,27,Jacobo Olmo Robledo
245917,Filosofía Cuántica,19,Yolanda Caballero Zurita
96150,Historia del Universo Paralelo,29,Giampiero Balbi
217800,Turismo Espacial,27,Jennifer Patel
14195,Historia del Universo Paralelo,21,Anastasio del Baena
114048,Filosofía Cuántica,27,Zaira Ricciardi
192586,Música para Plantas,26,Luciano Baracca
24403,Artes del Café,26,Michael Powell
76887,Turismo Espacial,24,Annetta Montanari
172499,Psicología Canina,29,Robin Holt
49402,Biología Marina,21,Anthony Mills
47087,Teoría Práctica,28,Josep Cervera Viñas
141309,Historia del Universo Paralelo,30,Jeffrey Barrera
172659,Música para Plantas,29,Apolinar Méndez Lobo
211924,Historia del Universo Paralelo,25,Jerry Salazar
49156,Historia del Universo Paralelo,28,Manu Lucas-Peñas
222714,Teoría Práctica,30,Amber Navarro
142840,Filosofía Cuántica,18,Anastasio Rivera
6548,Diseño de Moda Intergaláctica,27,Jasmine Reeves
228064,Artes del Café,18,Claudio Eco
108758,Biología Marina,24,Pía Morcillo Raya
232937,Psicología Canina,23,Irene Mateu Trillo
96233,Biología Marina,24,Mauricio Larrea Sevilla
125040,Psicología Canina,26,Stefania Tommaseo
30164,Turismo Espacial,28,Pamela Warren
57564,Cocina Molecular,26,Michael Rubio
195454,Artes del Café,22,Livia Orlando
38077,Filosofía Cuántica,24,Joshua Anderson
23267,Psicología Canina,26,Néstor Barroso Casal
49718,Música para Plantas,19,Joaquina Dalila Malo Caro
246374,Psicología Canina,29,Sharon Compton
126823,Diseño de Moda Intergaláctica,26,Joseph Miller
36873,Artes del Café,27,Guglielmo Columbo
134813,Diseño de Moda Intergaláctica,19,Rodrigo Aguirre Belmonte
71562,Artes del Café,24,Mark Mercer
217799,Cocina Molecular,30,Stephanie Hayden
1514,Teoría Práctica,30,Cesare Cipolla
145181,Biología Marina,23,Colleen Martinez
45772,Historia del Universo Paralelo,26,Antonio Ortolani
193942,Música para Plantas,29,Rosalinda Cano Salas
218163,Biología Marina,29,Encarnita Mendizábal
127371,Música para Plantas,28,Darlene Jacobs
207157,Diseño de Moda Intergaláctica,21,Elizabeth Johnson
69123,Diseño de Moda Intergaláctica,25,Joseph Esparza
11501,Historia del Universo Paralelo,18,Ashley Goodwin
110211,Diseño de Moda Intergaláctica,22,Maria Corradi-Acerbi
14191,Turismo Espacial,20,Alyssa Long
61367,Biología Marina,25,Che Acosta Gámez
212373,Cocina Molecular,29,Erin Key
75873,Turismo Espacial,21,Ibán Sevillano Morán
142740,Artes del Café,19,Maura Bacosi
102084,Biología Marina,19,Dott. Mercedes Giannelli
123247,Teoría Práctica,21,Sig.ra Diana Fantoni
241326,Artes del Café,18,Margherita Taccola
205720,Diseño de Moda Intergaláctica,20,Loredana Desio
211243,Historia del Universo Paralelo,18,Jason Hale
161829,Diseño de Moda Intergaláctica,23,Florina Vilaplana
219345,Diseño de Moda Intergaláctica,25,Christopher Taylor
31902,Psicología Canina,22,Ermenegildo Celentano
2118,Historia del Universo Paralelo,28,Natalie Eaton
91721,Psicología Canina,24,Kathryn Thomas
75358,Cocina Molecular,19,Edward Hale
211731,Teoría Práctica,27,Pina Guarana-Coardi
12823,Historia del Universo Paralelo,25,Giada Vezzali
12370,Artes del Café,20,Billy Duran
155362,Psicología Canina,24,Flora Padilla-Álvarez
57960,Artes del Café,30,Dott. Annamaria Fornaciari
155840,Psicología Canina,26,Emelina de Rojas
111641,Teoría Práctica,24,Melinda Keller
17842,Filosofía Cuántica,30,David Fleming
118870,Cocina Molecular,21,Serena Pellico
203866,Diseño de Moda Intergaláctica,28,Renata Torralba Goñi
16771,Biología Marina,26,Jonathan Middleton
143189,Psicología Canina,29,Cynthia Garcia
237109,Cocina Molecular,22,Tamara Sevillano-Segovia
153611,Cocina Molecular,28,Julie Hill
156834,Artes del Café,23,Dott. Giulia Luna
63110,Cocina Molecular,29,Ivo Bonaventura-Peano
20774,Artes del Café,22,Sig.ra Sylvia Pratesi
194592,Diseño de Moda Intergaláctica,29,Angelino Colom Cabezas
176949,Diseño de Moda Intergaláctica,22,Iolanda Navarria
95017,Diseño de Moda Intergaláctica,29,Emily Graham
222514,Teoría Práctica,28,Jacqueline Henderson
111281,Psicología Canina,27,Georgina Arjona Palacio
1238,Psicología Canina,30,John Blake
198937,Música para Plantas,22,Emperatriz Peiró
109752,Historia del Universo Paralelo,24,Mark Owens
53469,Psicología Canina,23,Niccolò Tropea
99662,Biología Marina,19,Jeffrey Monroe
36945,Psicología Canina,19,Fredo Garobbio
52843,Psicología Canina,26,Carmina Chita Calvet Palmer
119973,Filosofía Cuántica,18,Jeremy Rhodes
79865,Psicología Canina,24,Melina Polizzi
183085,Cocina Molecular,30,Michael Manning
80564,Diseño de Moda Intergaláctica,29,Ruth Soto Clemente
151973,Filosofía Cuántica,25,Eloy Pastor Cortés Carrión
176702,Cocina Molecular,18,Griselda Pellicer Cabañas
164117,Turismo Espacial,30,Carolina Russo
47572,Biología Marina,22,Reina Manu Roman Vicente
115946,Diseño de Moda Intergaláctica,21,Eligia Núñez Martinez
19154,Teoría Práctica,29,Veronica Monti
218958,Filosofía Cuántica,24,Claudia Nolcini
62657,Biología Marina,19,Annetta Catenazzi
11823,Turismo Espacial,18,Piermaria Soffici
146288,Artes del Café,19,Eva Vallejo
184855,Artes del Café,27,Sigfrido de Piquer
57587,Música para Plantas,23,Florentina Patricia Andrade Rocamora
47214,Filosofía Cuántica,26,Lucio Antonioni
25365,Filosofía Cuántica,26,Tammy Rich
95128,Biología Marina,24,Kevin Carter
179884,Filosofía Cuántica,23,Ale del Figuerola
35972,Cocina Molecular,28,Michael Powers
150687,Biología Marina,24,Dott. Rosa Jovinelli
12936,Cocina Molecular,24,Alexis Lopez
45119,Diseño de Moda Intergaláctica,20,Sig.ra Chiara Bandello
121184,Artes del Café,25,Madison Farley
234609,Psicología Canina,28,Anthony Taylor
196821,Historia del Universo Paralelo,29,Geronimo Vivaldi
195270,Música para Plantas,30,Lodovico Greggio
147938,Música para Plantas,22,Paloma Cuomo
148136,Historia del Universo Paralelo,28,Dott. Susanna Tropea
47744,Turismo Espacial,21,Luisina Santamaria Riera
213283,Psicología Canina,27,Joseph Morales
68943,Artes del Café,25,John Herrera
61651,Historia del Universo Paralelo,29,Carol Wilson
35792,Historia del Universo Paralelo,28,Lara Murialdo-Bodoni
1388,Turismo Espacial,24,Raffaella Salata
136328,Biología Marina,25,Nicolás Ferrán Batlle
139360,Cocina Molecular,18,Pilar Ocaña
45192,Psicología Canina,18,Juan Carlos Ferrera Casas
235812,Cocina Molecular,26,Dott. Irma Stefanelli
43938,Artes del Café,30,Pierluigi Monaco
123957,Diseño de Moda Intergaláctica,29,Donna Hunt
167310,Diseño de Moda Intergaláctica,18,Tina Vittadello
139180,Artes del Café,26,Benjamín Camacho
111042,Diseño de Moda Intergaláctica,19,Itziar Julie Mancebo Alcalde
139964,Turismo Espacial,29,Dott. Sandra Flaiano
152215,Música para Plantas,27,Daria Giacometti
120321,Cocina Molecular,30,Ugo Mercadante
134000,Biología Marina,30,Rosalinda Jara Cobos
30068,Teoría Práctica,19,Victoria Fernandez
108831,Filosofía Cuántica,25,Michael Robinson
201304,Filosofía Cuántica,29,James Johnson
200058,Música para Plantas,20,Luciana Beccheria-Pugliese
209070,Cocina Molecular,19,Brad Marquez
233042,Filosofía Cuántica,18,Elizabeth Williamson
15276,Turismo Espacial,30,Kevin Carlson
124757,Cocina Molecular,19,Germán Guitart Velasco
47862,Filosofía Cuántica,21,Alphons Mezzetta
195368,Artes del Café,19,América del Escrivá
238322,Teoría Práctica,23,Dott. Pierluigi Giolitti
139404,Teoría Práctica,26,Sig.ra Luigina Caruso
180433,Teoría Práctica,20,Gino Tafuri
49612,Teoría Práctica,26,Beatrice Paganini
172854,Biología Marina,21,Yaiza Villalobos-Alfonso
243223,Teoría Práctica,25,Erika Cervantes
175738,Diseño de Moda Intergaláctica,26,Nina Salata
186940,Artes del Café,23,Eliana Totino-Babato
220390,Música para Plantas,26,Adelina Vallés-Alcántara
135071,Psicología Canina,22,Carmela Rodrigo Ramirez
152769,Psicología Canina,22,Estrella Azeneth Barrera Pina
153187,Turismo Espacial,27,Sheila Ross
170728,Artes del Café,23,Angela Garcia
196320,Teoría Práctica,26,Ricardo del Gargallo
245025,Cocina Molecular,24,Sig.ra Patrizia Farnese
165584,Filosofía Cuántica,22,Julia Davis
181245,Psicología Canina,26,Emiliana Lopez Duran
30421,Teoría Práctica,20,Giorgio Galiazzo-Solari
110218,Artes del Café,18,Montserrat Valcárcel Vargas
220707,Psicología Canina,30,Ainoa Cobo Elorza
132901,Psicología Canina,23,James Diaz
15873,Cocina Molecular,26,Katie Benitez
12651,Teoría Práctica,27,Rosalia Ludovisi
71073,Filosofía Cuántica,26,Erasmo Octavio Bayón Ferrándiz
227219,Cocina Molecular,20,Cody Rogers
229317,Filosofía Cuántica,28,April Miller
111461,Diseño de Moda Intergaláctica,21,Armando Nordio
237417,Cocina Molecular,22,Benedetto Gualtieri
47742,Filosofía Cuántica,25,Romana Baglioni
144008,Artes del Café,19,Alexander Garcia
150541,Psicología Canina,27,Lisandro Rios Salazar
125035,Artes del Café,20,Rodolfo Cocci
116836,Artes del Café,23,Greg Garrett
229833,Psicología Canina,28,Michael Adams
181364,Historia del Universo Paralelo,25,Luis Colom-Fuertes
203524,Artes del Café,22,Lodovico Geraci
228289,Cocina Molecular,26,Dott. Anita Scarponi
27152,Teoría Práctica,19,Raffaella Speri
76405,Filosofía Cuántica,29,Silvio Pastor Olivera
123616,Artes del Café,23,Mariano Geraldo Briones Adán
13993,Diseño de Moda Intergaláctica,27,Jolanda Abate
233570,Turismo Espacial,23,Tito Dalmau-Asensio
107516,Biología Marina,19,Abraham Juan Calvo Ribes
32860,Artes del Café,29,Eugenia Coardi
121007,Turismo Espacial,27,Mr. Andrew Green
115879,Turismo Espacial,23,Claudia Orozco Recio
153786,Historia del Universo Paralelo,26,Antonello Moccia-Saffi
102146,Turismo Espacial,22,Gabriela Carreras Nicolás
62824,Diseño de Moda Intergaláctica,19,Nicole Reyes
88112,Música para Plantas,19,Alessandro Babbo-Soranzo
191846,Música para Plantas,27,Dominique Byrd
83628,Cocina Molecular,19,Jessica Stanley
182732,Teoría Práctica,28,Tecla Villena Estévez
44773,Música para Plantas,29,Piergiorgio Frescobaldi
70493,Biología Marina,24,Abigail Moore
145092,Teoría Práctica,25,Gianluigi Moschino
244800,Historia del Universo Paralelo,21,Cirino Campoy-Gaya
7267,Diseño de Moda Intergaláctica,24,Biagio Rossini-Palumbo
242609,Artes del Café,30,Kayla Johnson
166142,Música para Plantas,30,Baldassare Faranda
44219,Turismo Espacial,25,Elena Dominguez Cobo
231376,Historia del Universo Paralelo,29,Maristela Ibarra-Barreda
131781,Música para Plantas,21,Jose Ignacio Tello Jover
235317,Historia del Universo Paralelo,18,Rolando Barreda Carbonell
67713,Historia del Universo Paralelo,29,Miss Sharon Warren MD
128900,Psicología Canina,21,Renata Randazzo-Gentili
199203,Diseño de Moda Intergaláctica,26,Arturo Maderno
35770,Turismo Espacial,27,Bianca Celentano
202548,Diseño de Moda Intergaláctica,29,Mrs. Sarah Jackson
72520,Turismo Espacial,19,Ermanno Ferrara
30538,Historia del Universo Paralelo,25,Ryan Rodriguez
4325,Diseño de Moda Intergaláctica,20,Olivia Andrews
64054,Artes del Café,19,Cecilia Real-Palau
178767,Turismo Espacial,26,Graziella Altera-Rizzo
206412,Turismo Espacial,24,René Ramis Mena
5294,Psicología Canina,24,Sharon Clark
158325,Filosofía Cuántica,23,Ivan Boccioni
668,Biología Marina,19,Priscila Losa Pinilla
6213,Psicología Canina,29,Fortunata Ligorio-Muti
121563,Teoría Práctica,22,Jesse Clay
6610,Música para Plantas,20,Jerome Henry
4636,Diseño de Moda Intergaláctica,19,Rosa Mena Bravo
191085,Música para Plantas,24,Troy Scott
176464,Filosofía Cuántica,27,Antonello Moresi-Bajamonti
196043,Artes del Café,30,Dott. Fiorenzo Falier
86941,Música para Plantas,19,Claudio Fieramosca
102066,Música para Plantas,30,Mrs. Susan Sims
144190,Biología Marina,18,Sig.ra Marta Marangoni
180864,Diseño de Moda Intergaláctica,22,Meghan Howard
57618,Cocina Molecular,28,Stefano Gritti
139200,Diseño de Moda Intergaláctica,26,Carolina Giannotti
89664,Filosofía Cuántica,19,Lauren Johnson
46428,Música para Plantas,28,Massimiliano Guarana
230584,Artes del Café,24,Gilberto Saez
145197,Historia del Universo Paralelo,21,Joshua Garcia
148252,Música para Plantas,29,Marc Adams
58467,Psicología Canina,18,Manolo Rogelio Grande Alberto
45397,Biología Marina,29,Rosaria Gargallo
79596,Filosofía Cuántica,29,Vasco Céspedes Calatayud
177298,Música para Plantas,25,Amber Thomas
67426,Música para Plantas,19,Concha Machado-Corbacho
92154,Turismo Espacial,19,Morena Pacillo
240332,Biología Marina,29,Sig.ra Giuseppina Piacentini
187760,Música para Plantas,20,Sig. Tullio Filippelli
211982,Historia del Universo Paralelo,23,John Doyle
19931,Turismo Espacial,24,Eric del Rosado
89218,Teoría Práctica,19,Bianca Ortese
45701,Música para Plantas,19,Elizabeth Miller
101290,Teoría Práctica,30,Xiomara Corbacho Querol
183752,Historia del Universo Paralelo,29,Chiara Savorgnan
191077,Biología Marina,26,Flora Grisoni-Trincavelli
109070,Biología Marina,24,Moisés Arjona Acuña
229500,Historia del Universo Paralelo,23,Santiago Rodrigo Quevedo
230138,Teoría Práctica,20,Eleuterio de Losa
4816,Biología Marina,26,Susanita de Durán
160466,Historia del Universo Paralelo,20,Licia Callegaro
125645,Música para Plantas,20,Sig. Pasquale Fabbri
249622,Artes del Café,30,Michael Garcia
23804,Diseño de Moda Intergaláctica,24,Concetta Cignaroli
119755,Diseño de Moda Intergaláctica,21,Piermaria Trussardi
241942,Psicología Canina,22,Eliana Ferrándiz Burgos
43963,Psicología Canina,24,Petrona Mármol
43936,Teoría Práctica,24,Fermín Bou Abril
226812,Teoría Práctica,30,Fernanda Bacosi
204566,Cocina Molecular,25,Annetta Pizzo
75131,Turismo Espacial,25,Dafne Jódar Mascaró
225943,Artes del Café,28,Mattia Innocenti
27425,Diseño de Moda Intergaláctica,24,Azahara Huertas Arias
199855,Cocina Molecular,27,Bryan Taylor
95515,Filosofía Cuántica,30,Heather Cannon
35835,Biología Marina,27,Cecilia Andreotti-Battaglia
193152,Psicología Canina,30,Nina Beffa
212011,Artes del Café,21,Michelle Harris
155339,Biología Marina,25,Yvette Weaver
94933,Psicología Canina,26,Rosaria Merisi
122448,Psicología Canina,19,Brian Anderson
3510,Turismo Espacial,23,Hilda Perea Rodríguez
178768,Artes del Café,21,Calcedonio Modugno
192097,Filosofía Cuántica,27,Raimondo Buscetta
26420,Biología Marina,30,Flora Herrera Gomis
113095,Historia del Universo Paralelo,22,Flora Esposito-Gucci
245881,Cocina Molecular,22,Gianpaolo Tron
197749,Filosofía Cuántica,21,Matthew Montes
216481,Biología Marina,27,Leticia del Carretero
149819,Biología Marina,25,Adoración Mayol Morán
172772,Cocina Molecular,21,George Davis
90140,Música para Plantas,25,Gabriella Berengario
155436,Artes del Café,18,Joshua Soto
176519,Turismo Espacial,21,Bianca Fieramosca
52870,Cocina Molecular,30,Angélica Robles Cervera
66821,Psicología Canina,23,Sandro Monaco-Cavanna
10010,Cocina Molecular,20,Jennifer Allison
92863,Psicología Canina,23,Panfilo Tomasini
47022,Filosofía Cuántica,22,Kevin Owen
237681,Biología Marina,18,Meghan Smith
85417,Historia del Universo Paralelo,21,Felisa Amigó Nieto
163179,Turismo Espacial,24,Kelly Ramirez
224949,Teoría Práctica,20,Kara Carrillo
32271,Psicología Canina,30,Ligia Serna Farré
218549,Psicología Canina,21,Rosendo Teodoro Gaya Velázquez
188429,Filosofía Cuántica,22,Melanie Pace
98493,Artes del Café,29,William Holmes
117820,Turismo Espacial,24,Amaya Daniela Pinilla Bernat
155181,Artes del Café,23,Giovanna Taliani
49853,Historia del Universo Paralelo,28,Íñigo Palomares Ugarte
150143,Música para Plantas,27,Camilla Boezio-Prati
215761,Psicología Canina,27,Giulia Lopresti
99450,Artes del Café,28,Gabriela de Báez
96407,Psicología Canina,29,Douglas Fleming
71811,Cocina Molecular,27,Antonina Vercelloni
171557,Turismo Espacial,22,Alfredo Cignaroli
133739,Teoría Práctica,27,María Jesús Torralba Madrid
57825,Biología Marina,23,James Porter
35226,Psicología Canina,25,Eva María Cortés-Cañas
215945,Música para Plantas,30,Violeta Isabela Páez Vaquero
186892,Teoría Práctica,25,Aureliano Burgos Valenciano
150178,Filosofía Cuántica,29,Daniel Blanco Gonzalez
107527,Filosofía Cuántica,28,Jose Ford
109987,Artes del Café,30,Joseph Silva
100824,Filosofía Cuántica,22,Sophia Franzese
207233,Filosofía Cuántica,29,Guglielmo Miniati
36615,Psicología Canina,26,Joseph Robertson
21209,Biología Marina,26,Mr. Richard Martin
167702,Historia del Universo Paralelo,30,Anita Bersani-Olivetti
150951,Teoría Práctica,22,Eusebio Vazquez Ávila
58944,Historia del Universo Paralelo,22,Livia Pizziol
48165,Música para Plantas,23,Sandra Borghese-Ungaretti
209766,Teoría Práctica,25,Carmen Salom Casal
217966,Cocina Molecular,20,Concetta Trentini
6107,Turismo Espacial,26,Alexis Schwartz
219929,Diseño de Moda Intergaláctica,25,Coluccio Zaccardo
132830,Turismo Espacial,20,Thomas Hoffman
143349,Música para Plantas,25,Zacarías Lorenzo-Maestre
138138,Música para Plantas,22,Cynthia Hernandez
55821,Filosofía Cuántica,26,Geraldo Juárez Segarra
158579,Psicología Canina,22,Flavia Prudencia Hidalgo Belda
131396,Teoría Práctica,23,Randall Cooper
202464,Psicología Canina,22,Daniel Williams
217868,Historia del Universo Paralelo,30,Michael Ellis
240507,Artes del Café,26,Imelda Pavarotti
53269,Teoría Práctica,25,Roberta Pozzecco
7342,Filosofía Cuántica,30,Mónica Alcalde-Ferrer
3756,Diseño de Moda Intergaláctica,26,Roman Donatoni
157203,Música para Plantas,27,Richard Davidson
136047,Cocina Molecular,28,Carlos Manuel Ochoa
158790,Teoría Práctica,28,Yéssica Ortiz Vicente
93945,Biología Marina,19,Anna Reig Adadia
2919,Música para Plantas,30,Jovita Calderón Serra
177832,Biología Marina,19,Antonina Pizziol
168754,Teoría Práctica,20,Tammy Johnson
166601,Psicología Canina,28,Antonella Turchi
238497,Psicología Canina,22,Cheryl Adams
194490,Cocina Molecular,24,Miguela Íngrid Yuste Badía
74703,Biología Marina,18,Graciela Salvador Ribes
136416,Psicología Canina,29,Melchor Bejarano Alemán
86242,Biología Marina,24,Darío Lladó Jordán
41032,Psicología Canina,25,Giuseppe Amato
90247,Biología Marina,20,Cynthia Woods
126465,Música para Plantas,20,Sabatino Pugliese
78057,Diseño de Moda Intergaláctica,30,Dimas Campos Vaquero
59749,Filosofía Cuántica,29,Dott. Morena Ferretti
246880,Turismo Espacial,24,Amber Perry
212517,Psicología Canina,27,Romolo Pincherle
169908,Teoría Práctica,23,Barry Smith
185624,Filosofía Cuántica,26,Ramona Dallara
195742,Artes del Café,30,Cecilia Borzomì
226208,Teoría Práctica,20,Calvin Gomez
138784,Historia del Universo Paralelo,24,Begoña Clavero Garcés
83379,Historia del Universo Paralelo,23,Marcela Concha Terrón Villar
39572,Teoría Práctica,18,Stephanie Williams
229600,Cocina Molecular,28,Esmeralda Saavedra Rico
41948,Biología Marina,20,Eric Diaz
12087,Historia del Universo Paralelo,26,Cleto Maldonado
161987,Psicología Canina,30,Salvi Papafava
244729,Música para Plantas,23,Rosalinda Mas Cueto
240107,Diseño de Moda Intergaláctica,24,Stella Peruzzi
111024,Teoría Práctica,22,Baldassare Visintini-Trussardi
124462,Música para Plantas,25,Matteo Federici
58644,Filosofía Cuántica,20,Morgan May DDS
247710,Teoría Práctica,24,Franco Soffici
87214,Teoría Práctica,24,Sig.ra Graziella Malatesta
127759,Psicología Canina,22,Arnaldo Mercalli
47129,Cocina Molecular,26,Sig. Ermenegildo Satriani
168147,Historia del Universo Paralelo,25,Mariana Gianetti-Vendetti
67312,Psicología Canina,18,Michelle Anderson
115669,Biología Marina,23,Sarita Ríos Codina
167792,Teoría Práctica,22,Haroldo Vallés Gálvez
247926,Artes del Café,24,Vittoria Bassi
193451,Diseño de Moda Intergaláctica,29,Valentina Pellicer Castells
117026,Música para Plantas,30,Alphons Proietti
10775,Música para Plantas,25,Elladio Marini
183098,Teoría Práctica,25,Graciela Delgado Mayo
218106,Turismo Espacial,21,Santino Taliani
87437,Filosofía Cuántica,26,Cristian Gómez Uribe
60345,Diseño de Moda Intergaláctica,22,Annalisa Contrafatto
170328,Psicología Canina,27,Brian Salazar
41342,Filosofía Cuántica,22,Dott. Luigi Stoppani
46182,Artes del Café,28,Victor Guitart Velasco
24585,Turismo Espacial,26,Lynn Richard
35713,Historia del Universo Paralelo,29,Emily Martinez
9535,Psicología Canina,23,Joseph Foley
50908,Música para Plantas,27,Juan José Mateu Bartolomé
130413,Música para Plantas,29,Catherine Collins
145076,Historia del Universo Paralelo,26,Arnaldo Piccinni
193952,Música para Plantas,20,Antonia Carreño Hernandez
161883,Cocina Molecular,28,Luigina Pucci
1630,Cocina Molecular,27,Alphons Majewski
43471,Turismo Espacial,18,Adolfo Manrique
213653,Diseño de Moda Intergaláctica,20,Kelsey Johnson
95345,Diseño de Moda Intergaláctica,18,Lawrence Dominguez
56664,Psicología Canina,20,Eric Walker
229653,Diseño de Moda Intergaláctica,30,Melissa Mills
208111,Turismo Espacial,24,Dott. Laura Zampa
132572,Música para Plantas,26,Amy Irwin
50026,Diseño de Moda Intergaláctica,28,Patrick Patterson
109710,Teoría Práctica,30,Graziano Salvemini
225478,Filosofía Cuántica,18,Sig. Ettore Cassarà
153734,Biología Marina,19,Matthew Pena
53078,Biología Marina,18,Emma Metella
82476,Diseño de Moda Intergaláctica,30,Sara King
121088,Música para Plantas,30,Melissa Harris
249271,Diseño de Moda Intergaláctica,19,Serena Lollobrigida
105347,Turismo Espacial,24,Ezio Strangio
8426,Psicología Canina,28,Monica Bradley
115791,Música para Plantas,22,Salvatore Gucci
22902,Biología Marina,23,Giorgia Trezzini-Adinolfi
119807,Cocina Molecular,19,Theresa Green
4534,Filosofía Cuántica,27,Margarita Cepeda Lasa
208913,Artes del Café,20,Lucio Vittadello-Boaga
164888,Artes del Café,26,Sig. Gino Zamengo
143610,Filosofía Cuántica,23,Justin Duffy
56645,Filosofía Cuántica,21,Shannon Martinez
176934,Turismo Espacial,30,Brian Smith
133044,Turismo Espacial,30,Fermín Cordero Conesa
17212,Turismo Espacial,27,Giuliana Gioberti
86868,Psicología Canina,27,Rocco Abba
238855,Artes del Café,23,Mamen Valentín
14123,Diseño de Moda Intergaláctica,30,Rhonda Key
150967,Biología Marina,22,Melissa Vitturi
19295,Diseño de Moda Intergaláctica,28,Aurelio Huerta-Sainz
18044,Turismo Espacial,23,Nydia Arjona Andres
88231,Filosofía Cuántica,20,Goyo Almagro Plaza
140808,Biología Marina,19,Gil Valentín Ureña
165072,Diseño de Moda Intergaláctica,19,Jennifer Prieto
160072,Artes del Café,27,Lola Casado Duque
123567,Historia del Universo Paralelo,29,Tanya Dunn
22751,Artes del Café,25,James Branch
10108,Teoría Práctica,25,Misty Harris
220397,Biología Marina,24,Dulce Coll Doménech
243949,Biología Marina,22,Enzio Jilani
71848,Historia del Universo Paralelo,24,Fabio Casalodi-Smirnoff
169803,Psicología Canina,28,Dott. Annamaria Scotto
99882,Artes del Café,24,Damiano Conte
227827,Psicología Canina,28,Amílcar David Yuste Luque
92114,Filosofía Cuántica,18,Rocco Lanfranchi-Lippomano
198785,Historia del Universo Paralelo,26,Plinio Bueno Cortina
221060,Cocina Molecular,29,Lorenzo Salvo
121583,Cocina Molecular,28,Florina Moliner
212062,Biología Marina,27,Elvira Manolesso-Rubbia
137704,Música para Plantas,27,Eric Murphy
83874,Biología Marina,23,Nazario Gomez Aguilar
44796,Artes del Café,27,Juan White
90349,Diseño de Moda Intergaláctica,30,Ermes Castellitto-Balbi
234951,Filosofía Cuántica,23,Obdulia Cabrera Ferrando
222390,Cocina Molecular,27,Sig.ra Rossana Sgarbi
200714,Diseño de Moda Intergaláctica,24,Caleb Perkins
123998,Teoría Práctica,29,Renee Mercer
107120,Turismo Espacial,28,Evangelista Malatesta
121107,Filosofía Cuántica,30,Natividad Pineda Bermúdez
150002,Diseño de Moda Intergaláctica,28,Monica Scott
39539,Psicología Canina,19,Christopher Sanders
224166,Cocina Molecular,19,Salomé Pont Blanes
181678,Turismo Espacial,21,Graciela de Coronado
101617,Teoría Práctica,18,Lorenzo Ficino
131519,Historia del Universo Paralelo,27,Benedetto Gelli
119469,Teoría Práctica,27,Daniel Huff
166070,Música para Plantas,27,Eraldo Filzi
174048,Diseño de Moda Intergaláctica,19,Samuel Rodriguez
207549,Filosofía Cuántica,20,Austin Graham
196910,Teoría Práctica,20,Plácido Figueroa
227732,Cocina Molecular,29,Felipa Sobrino-Tormo
66241,Música para Plantas,25,Eva Vespucci-Antonello
135454,Psicología Canina,22,Mario Nievo
32954,Biología Marina,27,Ariadna Sanmiguel Real
218335,Teoría Práctica,23,Dafne Pedrosa Ródenas
205330,Filosofía Cuántica,19,Eugenia de Reig
210661,Turismo Espacial,18,Emperatriz Echeverría Quiroga
159214,Diseño de Moda Intergaláctica,26,Jacopo Luzi-Andreotti
61021,Biología Marina,18,Sonia Tomasini
84458,Música para Plantas,20,Darryl Cannon
227123,Biología Marina,18,Angelina Mantegazza
194947,Biología Marina,23,Andrea White
11621,Artes del Café,18,Gelsomina Gilardoni
56146,Cocina Molecular,30,Simonetta Gasperi
69188,Música para Plantas,24,Edu Salinas Rocha
145388,Diseño de Moda Intergaláctica,25,Ruggero Odescalchi
244105,Historia del Universo Paralelo,26,Rachel Kerr
192864,Psicología Canina,27,Vincenza Fantini
182630,Cocina Molecular,25,Joshua Lindsey
105734,Historia del Universo Paralelo,21,Sebastiano Civaschi
11190,Turismo Espacial,25,Milo Berrè
140851,Diseño de Moda Intergaláctica,21,Christopher Moss
72687,Biología Marina,24,Karen Mccullough
224873,Historia del Universo Paralelo,21,Sig. Tiziano Tarantino
17077,Música para Plantas,27,Selena Bosch
237363,Psicología Canina,25,Serena Cadorna
176054,Cocina Molecular,23,Telmo Morillo Pla
220354,Teoría Práctica,19,Anastasia Peralta Barceló
61298,Turismo Espacial,19,Angelina del Aragón
80575,Teoría Práctica,26,Serafina Maglio-Leone
176924,Teoría Práctica,25,Dott. Gianmarco Nolcini
168471,Turismo Espacial,18,Geronimo Bresciani-Draghi
113765,Psicología Canina,26,Marissa Filippelli
105048,Filosofía Cuántica,24,Juan Bautista Pedrosa
240865,Biología Marina,22,Natalie Malone
104451,Diseño de Moda Intergaláctica,20,Dott. Gustavo Fo
156488,Artes del Café,19,Jaclyn Decker
152514,Artes del Café,24,Noa Bartolomé Roca
224481,Música para Plantas,22,Dott. Dina Toldo
116710,Cocina Molecular,29,David Morrison
70562,Psicología Canina,22,Sophia Mercati
225694,Psicología Canina,22,Harold Jones
149597,Filosofía Cuántica,30,Jessica Rice DDS
14254,Diseño de Moda Intergaláctica,19,Cleto Vazquez Bello
16674,Psicología Canina,19,Jacinta Santana Varela
238362,Teoría Práctica,26,Letizia Lanfranchi
227601,Historia del Universo Paralelo,24,Adelardo Sacristán Paniagua
240232,Historia del Universo Paralelo,27,Juanita del Merino
31685,Filosofía Cuántica,25,Judith Florencia Lara Gordillo
105533,Cocina Molecular,24,Erica Williams
52192,Filosofía Cuántica,22,Tracy Smith
74741,Biología Marina,22,Alexis Calderon
159991,Artes del Café,28,Luciano Quesada Pujol
153160,Psicología Canina,25,Jose Ignacio Llopis Martinez
38703,Diseño de Moda Intergaláctica,27,Lidia del Aragón
96371,Biología Marina,29,Gala del Baena
143684,Música para Plantas,20,Adelaida Ballester Amigó
183353,Filosofía Cuántica,23,Jessica Rey Hoyos
245793,Biología Marina,26,Tom Davis
5034,Teoría Práctica,28,Imelda Galvez Múñiz
14120,Historia del Universo Paralelo,21,Jaime Stewart
52389,Artes del Café,29,Frank Gonzalez
163476,Cocina Molecular,28,Eric Thompson
160818,Teoría Práctica,30,Abigail Knight
20552,Psicología Canina,29,Eva Gianinazzi
89892,Teoría Práctica,23,Kelly Garcia
173694,Biología Marina,25,Tara Sexton
25221,Psicología Canina,19,Michael Sellers
4738,Artes del Café,24,Fredo Longhena
16451,Teoría Práctica,23,Inés Carreño Porcel
4007,Psicología Canina,26,Samuel Walker
42,Música para Plantas,22,Sig. Leone Sokolov
162111,Turismo Espacial,28,Graciano Adadia Bejarano
103341,Diseño de Moda Intergaláctica,23,Bernabé Morillo Arregui
138941,Turismo Espacial,22,Sabina Burgos
172764,Teoría Práctica,22,Brunilda Domínguez Albero
118393,Biología Marina,18,Melina Trobbiani-Ostinelli
127813,Turismo Espacial,24,Ruben Vallés Vilaplana
141948,Música para Plantas,25,Priscilla Gabrieli
206550,Historia del Universo Paralelo,27,Tyler Gilbert
82074,Psicología Canina,23,Matías Lucas Tur
123381,Diseño de Moda Intergaláctica,18,Gabriela Arregui
245157,Cocina Molecular,28,Filippa Traetta
34813,Psicología Canina,29,Matilda Canali-Ferragni
28315,Turismo Espacial,30,Porfirio Velázquez Hidalgo
140354,Artes del Café,27,Dott. Nadia Pepe
17519,Teoría Práctica,29,Romina Federico
5714,Cocina Molecular,24,Michael Wheeler
121450,Biología Marina,24,Josefina Azcona Arenas
18782,Filosofía Cuántica,22,Logan Fisher
166076,Turismo Espacial,23,Joan Rosales
58777,Biología Marina,25,Melissa Chaney
88032,Historia del Universo Paralelo,18,Daniel Hughes
120090,Biología Marina,23,Craig King
110510,Cocina Molecular,25,Enzo Fantini-Gianetti
25304,Artes del Café,29,Sophia Scotto
87940,Turismo Espacial,27,Daria Montesano
211938,Biología Marina,24,Dr. Trevor Morales
2413,Filosofía Cuántica,25,Édgar de Cordero
51016,Biología Marina,30,Aurora Stoppani
194583,Artes del Café,22,Michelle Li
132959,Teoría Práctica,27,Cheyenne Peterson
140708,Turismo Espacial,18,Fabia Visintini
124398,Turismo Espacial,29,Amado Real Mulet
119011,Diseño de Moda Intergaláctica,30,Cesar Herranz Tenorio
243207,Biología Marina,19,Christopher Norman
50290,Filosofía Cuántica,19,Albano Flores-Echevarría
233294,Turismo Espacial,27,Abigaíl Cordero Narváez
194355,Biología Marina,18,Gelsomina Baggio
11170,Artes del Café,30,Fabiana Iglesia Báez
231800,Historia del Universo Paralelo,26,Calcedonio Medici
117211,Turismo Espacial,21,Nico Maccanelli
177230,Artes del Café,24,Livia Gussoni
120945,Diseño de Moda Intergaláctica,30,William Phillips
146129,Artes del Café,18,Jennifer Mcintyre
201913,Música para Plantas,27,Griselda del Cabrero
47936,Diseño de Moda Intergaláctica,24,Amy Jones
247433,Artes del Café,28,Leonard Robinson
95095,Psicología Canina,24,Calogero Pennetta
105474,Biología Marina,19,Diana Brunello
189457,Teoría Práctica,26,Santos Benavides Jimenez
142857,Cocina Molecular,24,Toni Parini
196229,Biología Marina,19,Benjamin Ochoa
229548,Historia del Universo Paralelo,28,Dott. Antonio Carnera
113399,Teoría Práctica,24,Florentino Acuña Llorens
211074,Turismo Espacial,30,Vilma del Melero
145482,Historia del Universo Paralelo,28,Begoña Dávila Losa
204557,Diseño de Moda Intergaláctica,25,Michael Shepherd
83262,Biología Marina,24,Atenulf Volta
55085,Artes del Café,18,Pío Exposito-Gomez
31261,Turismo Espacial,26,Christopher Coleman
35810,Teoría Práctica,24,Christopher Thomas
186939,Cocina Molecular,20,James Ford
54070,Filosofía Cuántica,25,Pier Silvestri
144515,Filosofía Cuántica,19,Leocadia Goñi Alcántara
135159,Turismo Espacial,28,Lara Bernad Fábregas
14756,Música para Plantas,21,Marta Tognazzi
57174,Música para Plantas,27,Josefina Alsina Perera
220852,Cocina Molecular,22,Fredo Liverotti-Bulzoni
229526,Música para Plantas,22,María Fernanda de Solé
212176,Artes del Café,21,Claudia Melero Garcés
27306,Diseño de Moda Intergaláctica,29,Rosalinda Caballero Mariscal
154914,Psicología Canina,27,Jose Andres Nogués
149415,Teoría Práctica,23,Raúl Ledesma Torrent
179147,Música para Plantas,27,Bárbara Serrano-Sanmiguel
46543,Psicología Canina,22,Michelotto Orlando
232372,Turismo Espacial,23,Donatello Albertini
123619,Turismo Espacial,27,Nicole Schwartz
159734,Turismo Espacial,29,Dan Fábregas Uribe
199406,Teoría Práctica,24,Lidia Peranda
169089,Filosofía Cuántica,26,Micaela Ripoll-Roig
55639,Artes del Café,18,Tamara Ferrán Milla
33695,Diseño de Moda Intergaláctica,18,Sandra Salgari
11813,Filosofía Cuántica,25,Seve Carro Fabra
44241,Cocina Molecular,26,Tonya Mitchell
146325,Biología Marina,22,Brian Olsen
112300,Artes del Café,28,Daniel Isaías Marqués Solera
219337,Artes del Café,22,Eladio Vilalta León
81794,Filosofía Cuántica,29,Milena Fioravanti-Mastandrea
45150,Diseño de Moda Intergaláctica,21,Michael Blankenship
8864,Psicología Canina,19,Ester Grande Losa
108832,Filosofía Cuántica,24,Makayla White
166083,Biología Marina,22,Aurora de Bayona
25723,Psicología Canina,24,Fabrizia Boaga
231998,Teoría Práctica,28,Luis Miguel Barrera-Ochoa
176578,Filosofía Cuántica,30,Jolanda Burcardo
239685,Artes del Café,25,Letizia Jovinelli
205272,Teoría Práctica,20,Elizabeth Matthews
157251,Diseño de Moda Intergaláctica,22,Michael Carter DDS
17919,Música para Plantas,22,Cristian Baquero Ariza
118564,Artes del Café,19,Michael Grant
101630,Biología Marina,27,Enrico Fallaci-Palladio
83612,Historia del Universo Paralelo,27,Timothy Smith
62467,Filosofía Cuántica,25,Goffredo Aulenti
130906,Psicología Canina,26,Stephen Johnson
114714,Cocina Molecular,19,Amaro Enríquez Andreu
15775,Cocina Molecular,20,Juliana Roig Aliaga
178912,Música para Plantas,27,Fabia Pagnotto
179744,Cocina Molecular,29,Carla Morucci
79532,Música para Plantas,25,Sig.ra Melania Serraglio
117768,Cocina Molecular,21,Danielle Benitez
228322,Turismo Espacial,20,Mary Lee
165286,Música para Plantas,26,Enrique Vidal Mir
173642,Cocina Molecular,28,Virginia Key
122834,Historia del Universo Paralelo,25,Jenny Jove Peralta
193558,Música para Plantas,27,Lope Arroyo Azcona
172916,Cocina Molecular,24,Plácido Iglesia Dalmau
107497,Historia del Universo Paralelo,22,Emilia Nevado Feliu
118430,Filosofía Cuántica,21,Darren Fritz
90510,Diseño de Moda Intergaláctica,25,Domitila del Nieto
72149,Turismo Espacial,28,Jason Walker
57158,Cocina Molecular,28,Sig.ra Marina Pedroni
56517,Psicología Canina,28,Natalia Alonzi
76133,Música para Plantas,18,Robin Miller
126377,Historia del Universo Paralelo,24,Lidia Palumbo
124226,Música para Plantas,29,Sarah Miller
186813,Psicología Canina,25,Shari Shelton
54539,Psicología Canina,18,Leandra Salvà Tapia
209404,Biología Marina,28,Albano Águila Barrera
122714,Filosofía Cuántica,23,Pili Graciana Ribera Granados
6211,Artes del Café,19,Benedetto Carosone
193106,Teoría Práctica,29,Marisa del Gargallo
241024,Artes del Café,27,Chus Garzón Torrijos
16465,Turismo Espacial,22,Dario Golino
2255,Música para Plantas,25,Letizia Mengolo
3687,Turismo Espacial,27,Bautista Manzanares Canals
215354,Artes del Café,29,Arturo Nadal Jiménez
171916,Artes del Café,20,Andrew Foley
112162,Historia del Universo Paralelo,20,Raffaele Tonisto
212607,Música para Plantas,23,Luchino Ferrari
39087,Teoría Práctica,24,Steven Ramirez
225925,Psicología Canina,23,Nicholas Mitchell
112279,Artes del Café,22,Ashley Holt
146165,Filosofía Cuántica,27,Sig. Tonino Falloppio
172181,Música para Plantas,30,Orlando Tomasetti
34811,Psicología Canina,29,Asunción Aurora Castejón Niño
86794,Música para Plantas,28,Nydia Castañeda Pareja
3707,Música para Plantas,27,Scott Jones
144278,Biología Marina,22,Romana Bersani
195585,Turismo Espacial,28,Richard Torres
167480,Psicología Canina,29,Isa Vanvitelli
202782,Diseño de Moda Intergaláctica,28,Leonardo Tejero-Ramos
62240,Filosofía Cuántica,25,Ileana Rubio Ledesma
4983,Psicología Canina,22,Emilio Tejedor
206411,Biología Marina,30,Sandra Ricci
8157,Música para Plantas,18,Jacob Fuentes
110365,Cocina Molecular,28,Beatrice Fantozzi
162116,Música para Plantas,18,Mirco Nugnes
176379,Historia del Universo Paralelo,29,Anastasio Duarte Trillo
196733,Teoría Práctica,23,Camilla Gravina-Iannuzzi
101127,Cocina Molecular,19,Wendy Smith
4064,Artes del Café,19,Licia Marzorati
150556,Filosofía Cuántica,26,Ronald Carlson
199376,Historia del Universo Paralelo,21,Javier Maximiliano Roura Calleja
241546,Filosofía Cuántica,28,Danny Velez
215758,Filosofía Cuántica,24,Jessica Miranda
185932,Artes del Café,26,Joshua Stevens
239046,Historia del Universo Paralelo,24,Calcedonio Mazzeo-Cuda
51515,Diseño de Moda Intergaláctica,23,Virginia Anderson
110632,Historia del Universo Paralelo,29,Miriam Vilar-Caballero
168201,Biología Marina,18,Antonia Arregui Ledesma
171304,Música para Plantas,19,Dott. Donna Gargallo
178876,Turismo Espacial,24,Adele Ovadia
177231,Turismo Espacial,25,Gemma Malatesta
171807,Música para Plantas,19,Donna Mondadori
31309,Artes del Café,25,Nicole Daniels
201967,Historia del Universo Paralelo,27,Gregorio del Ferrández
170480,Artes del Café,28,Eugenia Pergolesi-Zacchia
246720,Diseño de Moda Intergaláctica,23,Mariana Cignaroli-Ciani
237685,Cocina Molecular,28,Gemma Togliatti
149382,Turismo Espacial,19,Anita Soffici-Celentano
95705,Diseño de Moda Intergaláctica,26,Ansaldo Giannotti-Magnani
17579,Diseño de Moda Intergaláctica,29,Teresa Guerrero-Batalla
54182,Diseño de Moda Intergaláctica,23,Roldán Hierro-Quesada
106732,Historia del Universo Paralelo,19,María Belén Cerro Casals
246764,Teoría Práctica,19,Dott. Melina Ajello
64571,Diseño de Moda Intergaláctica,21,Ceferino Escribano Cuenca
53270,Diseño de Moda Intergaláctica,21,Heather Pearson
232473,Artes del Café,20,Mirko Garzoni-Milanesi
124111,Psicología Canina,26,Holly Moody
86425,Turismo Espacial,26,Eliana Borrani
157944,Teoría Práctica,29,Ilaria Comolli
99186,Cocina Molecular,20,Giampaolo Combi
9061,Cocina Molecular,23,Ippazio Monicelli
21264,Historia del Universo Paralelo,28,Marcial Montesinos
77585,Música para Plantas,29,Cayetana Mesa Villanueva
232128,Teoría Práctica,21,Olga Morgagni
27170,Cocina Molecular,18,Jennifer Brooks
107795,Filosofía Cuántica,18,Rufina Rivera Canals
57135,Turismo Espacial,29,Christina Barnes
17461,Historia del Universo Paralelo,26,Ramona Aporti
18824,Artes del Café,21,George Page
114733,Cocina Molecular,18,Timoteo Catalá
95469,Biología Marina,24,Silvio Schiavo
67273,Biología Marina,20,América Izquierdo Tovar
136713,Artes del Café,30,Martirio Vilar Fuentes
61641,Teoría Práctica,19,Jessica Nelson
95850,Turismo Espacial,27,Antonina Vento-Respighi
191303,Teoría Práctica,25,Jennifer Taylor
157264,Artes del Café,26,Hector Baeza Acevedo
91619,Psicología Canina,18,Francesca Naccari
84307,Cocina Molecular,19,Erika Pietrangeli-Pacetti
137750,Filosofía Cuántica,21,Ruperta Almazán Fábregas
102285,Turismo Espacial,18,Fátima Jordana Fabra Duran
89292,Artes del Café,28,Jennifer Hayden
142615,Turismo Espacial,26,Stephen Lloyd
219900,Teoría Práctica,26,Dott. Lauretta Tiepolo
201380,Diseño de Moda Intergaláctica,21,Wendy Glass
166437,Biología Marina,23,Enzo Forza
53478,Cocina Molecular,23,Fiorenzo Coppola
56623,Psicología Canina,20,Ismael Sanz
176904,Diseño de Moda Intergaláctica,23,Biagio Guidone-Caboto
51148,Artes del Café,25,Ornella Durante
167576,Artes del Café,19,Giuseppe Treccani-Mortati
134420,Cocina Molecular,27,Nydia Asensio Tenorio
96483,Diseño de Moda Intergaláctica,22,Lucho de Quiroga
38142,Psicología Canina,30,Mason Everett Jr.
90661,Teoría Práctica,23,Vincent Joseph
36343,Música para Plantas,25,Henry Morris
202485,Cocina Molecular,23,Frank Willis
249417,Turismo Espacial,24,Trinidad Arnal Verdejo
183342,Diseño de Moda Intergaláctica,26,Sancho Pacheco Montes
160920,Psicología Canina,19,Elena Merisi
121551,Historia del Universo Paralelo,19,Annetta Guicciardini-Ariasso
105031,Artes del Café,23,Angelica Borghese-Delle
214187,Historia del Universo Paralelo,18,Mauro Lucchesi
193245,Biología Marina,19,Agnolo Balbi
81108,Diseño de Moda Intergaláctica,28,Prudencio Peiró Asenjo
63953,Cocina Molecular,25,Jose Ignacio Sosimo Zaragoza Coronado
147845,Biología Marina,25,Lindsay Sanchez
133826,Diseño de Moda Intergaláctica,22,David Ellis
127960,Turismo Espacial,22,Apolonia Felicia Cantón Criado
141007,Filosofía Cuántica,19,José Mari Farré Amaya
175583,Artes del Café,23,Charo Arnau Tenorio
11453,Artes del Café,25,Wálter Ponce Muro
136124,Cocina Molecular,25,Kevin Paul
177171,Psicología Canina,20,Zoraida Andrés Estevez
58267,Historia del Universo Paralelo,21,Vanessa Pagliaro
227993,Diseño de Moda Intergaláctica,23,Sig. Ottavio Mazzini
155574,Historia del Universo Paralelo,30,Salvador Murcia Duque
76025,Diseño de Moda Intergaláctica,24,Amber Francis
26739,Turismo Espacial,20,Monica Obrien
74809,Turismo Espacial,19,Jose Antonio Colom-Pérez
155229,Biología Marina,20,Victoria Vega Dueñas
18137,Turismo Espacial,23,Justin Day
39469,Teoría Práctica,18,Kevin Rogers
58956,Teoría Práctica,28,Julie Cameron
16427,Filosofía Cuántica,26,Azucena Fonseca Barco
224622,Artes del Café,24,Nilo Calderon Guillen
85544,Psicología Canina,19,Christine Ford
210790,Psicología Canina,19,Beth Saunders
85772,Música para Plantas,23,Genoveva Medina Belmonte
176479,Psicología Canina,29,Tamara Duarte
83603,Historia del Universo Paralelo,19,Joshua Foster
158688,Música para Plantas,24,Timothy Guerra MD
223451,Historia del Universo Paralelo,19,Kristina Garrison
172838,Psicología Canina,28,Micaela de Sanmiguel
1880,Turismo Espacial,28,Connie Lynch
188654,Turismo Espacial,22,Debbie Gillespie
198358,Historia del Universo Paralelo,28,Jessica Walker
239079,Artes del Café,19,Claire Church
230167,Turismo Espacial,29,Rogelio Moya Barrera
216533,Psicología Canina,27,Samuel Small
141504,Biología Marina,21,William Black
233978,Teoría Práctica,18,Espiridión Adán Acedo
170548,Psicología Canina,24,Joseph Padilla
168388,Psicología Canina,18,Vincenza Zamengo
56338,Historia del Universo Paralelo,19,Chiara Salandra
698,Filosofía Cuántica,20,Allison Morton
81987,Historia del Universo Paralelo,30,Olivia Orozco
50014,Turismo Espacial,24,Natividad Espejo-Fernández
248234,Música para Plantas,19,Dott. Rosario Columbo
224447,Diseño de Moda Intergaláctica,19,Amanda Suarez-Guillén
98300,Música para Plantas,21,Tito Padilla Paredes
15563,Turismo Espacial,25,Ismael Coll Prats
60012,Diseño de Moda Intergaláctica,22,Fulgencio Pazos Sotelo
21917,Diseño de Moda Intergaláctica,26,Eliseo Calderón Aznar
118479,Biología Marina,23,Cesar Manzanares
84239,Artes del Café,20,Cynthia Greene
138056,Biología Marina,18,Adela de Jimenez
95359,Filosofía Cuántica,18,Jacqueline Velasquez
218521,Música para Plantas,20,Michela Gualtieri-Piccinni
41152,Artes del Café,22,Isabela Ileana Laguna Cañellas
190653,Diseño de Moda Intergaláctica,24,Juanita Niño Sánchez
158990,Turismo Espacial,22,Rita Vendetti-Marazzi
232297,Artes del Café,18,Haley Olson
94848,Música para Plantas,21,Agustina Cañizares
97256,Historia del Universo Paralelo,27,Dean Whitaker
155752,Filosofía Cuántica,26,Etta Curatoli
117015,Teoría Práctica,27,Jeremy Smith
157109,Música para Plantas,19,Luisina Alonso Nicolau
147594,Historia del Universo Paralelo,20,Almudena Robles Torralba
225162,Historia del Universo Paralelo,25,Silvestro Argento
41840,Teoría Práctica,19,Jordan Johnson
208253,Diseño de Moda Intergaláctica,28,John Serrano
115476,Psicología Canina,22,Robert Ward
123394,Diseño de Moda Intergaláctica,24,Christian Walker
24000,Historia del Universo Paralelo,24,Teresa Mazzanti-Callegari
133281,Diseño de Moda Intergaláctica,23,Joe Lee
138210,Artes del Café,21,María Benitez Amo
27605,Turismo Espacial,21,Luca Maffei
183665,Diseño de Moda Intergaláctica,30,Jerry Cook
56628,Artes del Café,30,Silvio Venier-Carducci
184284,Artes del Café,22,Marcantonio Tomei
239806,Música para Plantas,19,Roman Abatantuono
189689,Diseño de Moda Intergaláctica,27,Pastora Prat Gil
68166,Historia del Universo Paralelo,20,Carmelo Vercelloni
166278,Diseño de Moda Intergaláctica,21,Telemaco Gioberti
174007,Biología Marina,26,Giustino Rinaldi
169586,Música para Plantas,19,Amanda Dibiasi
87391,Biología Marina,18,Valeria Cabibbo
30565,Diseño de Moda Intergaláctica,19,Stephanie Graves
51158,Diseño de Moda Intergaláctica,28,Linda Johnson
366,Cocina Molecular,26,Delfino Sonnino
168738,Cocina Molecular,29,Heidi Thomas
243380,Música para Plantas,26,Casey Fisher
12606,Psicología Canina,22,Colin Roberts
107583,Biología Marina,21,Fulvio Roncalli
21595,Turismo Espacial,19,Melina Montesano
85120,Diseño de Moda Intergaláctica,30,Flavia Gramsci
87670,Cocina Molecular,18,Dott. Giuseppe Vismara
165513,Filosofía Cuántica,28,Miguel Epifanio Castells Cazorla
166805,Filosofía Cuántica,18,Maria Schneider
42768,Diseño de Moda Intergaláctica,22,Bernardita Benet Olmo
246024,Teoría Práctica,18,Lisa Wilson
43275,Cocina Molecular,18,Amber Mccoy
3260,Música para Plantas,26,Cintia Salvà Corominas
238909,Filosofía Cuántica,19,Julie Barros
172690,Psicología Canina,19,Hernando Collado
109984,Música para Plantas,28,Vicente Carlos Reina Lara
75474,Cocina Molecular,27,Gil Mate Ayuso
139850,Música para Plantas,26,Heather Harrison
199888,Música para Plantas,25,Dott. Sante Corcos
93301,Teoría Práctica,30,Isaura Palomar Morcillo
29004,Turismo Espacial,25,Raymond Webster
87099,Música para Plantas,26,Eliana Puccini
36751,Biología Marina,18,Vincenzo Oliboni-Gualtieri
35833,Historia del Universo Paralelo,20,Evangelista Sismondi
245580,Turismo Espacial,22,Sarah Chambers
34384,Biología Marina,30,Rebecca Vaughn
10786,Psicología Canina,22,Megan Harris
121445,Historia del Universo Paralelo,19,Jonathan Saunders
18373,Artes del Café,29,Germana Redi
43027,Artes del Café,23,Evangelista Bocelli-Barbarigo
158654,Biología Marina,23,Fito Barreda Vallés
55763,Filosofía Cuántica,23,Renata Valdés Galán
77813,Cocina Molecular,25,James Bullock
10742,Biología Marina,21,Ovidio Villena Cabo
91138,Teoría Práctica,20,Jaime Peterson
97309,Historia del Universo Paralelo,29,Sig. Delfino Ciani
27900,Filosofía Cuántica,25,Dott. Nanni Liguori
106441,Teoría Práctica,30,Romeo Galvani
151645,Diseño de Moda Intergaláctica,29,Brígida Celestina Feliu Pardo
77971,Artes del Café,28,Faith Henry
246165,Teoría Práctica,19,Andrea Long
222738,Diseño de Moda Intergaláctica,23,Michael Thomas
160729,Psicología Canina,21,Dalila Josefina Madrigal Collado
213217,Cocina Molecular,19,Flavia Tasso
66093,Cocina Molecular,29,Lupe del Chaparro
5671,Teoría Práctica,26,Brett Pittman
162273,Turismo Espacial,30,Ryan Hernandez
96,Teoría Práctica,27,Gloria Larrea Huertas
108351,Teoría Práctica,27,Moreno Luque
196628,Teoría Práctica,30,Sig.ra Rossana Beccheria
10430,Artes del Café,28,Daria Brugnaro
195347,Turismo Espacial,26,Danilo Odescalchi-Ciani
177934,Artes del Café,29,Linda Herrera
228967,Cocina Molecular,30,Ileana Hernando Portero
218213,Cocina Molecular,27,Lamberto Manolesso
60913,Turismo Espacial,20,Christopher Simpson
78100,Filosofía Cuántica,27,Camillo Tamburello
56918,Filosofía Cuántica,28,Ernesto de Borrell
202684,Música para Plantas,23,Sig.ra Paoletta Bodoni
100066,Música para Plantas,27,Tullio Pederiva
30000,Psicología Canina,22,Rogelio Amador Llobet
59700,Biología Marina,28,Gaspare Gigli
148414,Artes del Café,28,Sante Iadanza
135870,Turismo Espacial,21,James Black
105550,Historia del Universo Paralelo,29,Mike Morrison
116116,Artes del Café,28,Xiomara Salvà Pavón
181025,Artes del Café,23,Niccolò Zabarella
246129,Teoría Práctica,22,Joshua Gomez
60146,Historia del Universo Paralelo,29,Erin Wang
174735,Psicología Canina,25,Anita Santorio
9144,Psicología Canina,23,Kyle Hodges
185790,Artes del Café,18,Calixto Carreño-Navarrete
216592,Teoría Práctica,29,José Andreu Céspedes
121836,Biología Marina,19,Jenny Flores
198877,Filosofía Cuántica,24,Yaiza Rico Navas
199379,Música para Plantas,23,Sandro Traversa-Bottaro
132926,Historia del Universo Paralelo,26,Noé Valle Batalla
215687,Cocina Molecular,25,Reyes Cabrera
180895,Psicología Canina,25,Brittany Gordon
29773,Psicología Canina,19,Paola Avogadro
122704,Turismo Espacial,23,Gianfrancesco Renier
32503,Psicología Canina,24,Felicia Smith
101795,Biología Marina,18,Joseph Briggs
236117,Música para Plantas,22,Brittany Conley
200397,Teoría Práctica,22,Sean Ryan
115032,Artes del Café,19,Atenulf Gremese-Naccari
162314,Biología Marina,28,Ashley Boyd
86143,Psicología Canina,29,Cody Kemp
63542,Diseño de Moda Intergaláctica,19,Miguel Ibarra Díaz
31330,Historia del Universo Paralelo,28,Humberto Villa Coloma
4638,Turismo Espacial,22,Annibale Zaccardo
207738,Música para Plantas,25,Heather Brown
13484,Historia del Universo Paralelo,22,Gioachino Gagliardi
144118,Psicología Canina,27,Samantha Dean
41860,Diseño de Moda Intergaláctica,26,Hugo Detti
119138,Historia del Universo Paralelo,24,Nacho Cortes Soler
207797,Psicología Canina,19,Lupe Quintanilla-Pina
107468,Filosofía Cuántica,20,Gabrielle Myers
202627,Teoría Práctica,30,Jacob Nelson
215198,Artes del Café,24,Macario Goicoechea Quiroga
25277,Turismo Espacial,27,Stefani Necci
38417,Biología Marina,18,Paula Francisca Mendez Rodriguez
161581,Cocina Molecular,29,Cleto Vives
214813,Música para Plantas,23,Brígida Rosell Giner
160899,Biología Marina,18,Fabrizia Bersani
180966,Turismo Espacial,18,Troy Neal
70620,Biología Marina,24,Nicole Moore
214463,Turismo Espacial,25,Arsenio Ruberto
82976,Música para Plantas,19,Laura Galiazzo
111447,Diseño de Moda Intergaláctica,28,María Del Carmen Bru Leon
123902,Biología Marina,26,Ramona Tremonti
226998,Historia del Universo Paralelo,26,Bernardo Villadicani
164603,Biología Marina,25,Dott. Romeo Pepe
186988,Teoría Práctica,18,Donatella Iannuzzi-Vismara
55286,Teoría Práctica,25,Valero Valero Pardo Carballo
166509,Artes del Café,26,Michelle Gutierrez
47241,Diseño de Moda Intergaláctica,20,Isaac Tomás Yuste
80642,Filosofía Cuántica,30,Justin Gray
37157,Biología Marina,21,Adam Davis
15609,Cocina Molecular,28,Sophia Venditti
216215,Música para Plantas,23,Adam Young
143360,Historia del Universo Paralelo,22,Kristy Robinson
169443,Música para Plantas,25,Melania Pol Páez
217008,Artes del Café,20,Martina Giacconi
137443,Biología Marina,23,Ida Grossi
202347,Artes del Café,20,Ezequiel Pineda Lladó
167611,Música para Plantas,22,Dott. Amico Comencini
24238,Teoría Práctica,18,Geronimo Ossola-Ruffini
70815,Turismo Espacial,19,Erika Lupo
58762,Turismo Espacial,26,Livia Bonanno
14149,Historia del Universo Paralelo,21,Melissa Sparks
17742,Turismo Espacial,28,Richard Gutierrez PhD
202212,Biología Marina,22,Sandalio Romero Barbero
88349,Biología Marina,24,Panfilo Barzini
248401,Psicología Canina,23,Gilberto Gascón Tello
194740,Turismo Espacial,25,Heather Bolton
194334,Diseño de Moda Intergaláctica,22,Kevin Smith
19334,Historia del Universo Paralelo,28,Panfilo Gianinazzi
4749,Teoría Práctica,25,Daniel Ward
178186,Teoría Práctica,24,Kayla Anderson
125284,Diseño de Moda Intergaláctica,27,Óscar Ferrández Andrade
68105,Psicología Canina,24,Amelia Merino Terrón
233368,Filosofía Cuántica,25,Girolamo Filangieri-Argan
155786,Teoría Práctica,30,Barbara Richardson
195682,Artes del Café,29,Pili de Montoya
232301,Cocina Molecular,23,Sig. Mauro Venturi
25894,Filosofía Cuántica,19,Jason Diaz
193177,Teoría Práctica,25,Mathew Murphy
8097,Biología Marina,22,Laura Tassoni
105848,Artes del Café,29,Oreste Ossani
128831,Cocina Molecular,20,Theresa Harris
175657,Artes del Café,28,Galasso Basso
161640,Psicología Canina,24,Adelasia Lucciano
61483,Biología Marina,26,Kenneth Davila
220877,Cocina Molecular,19,Nadia Valbuena Bosch
87175,Turismo Espacial,29,Diane Benton
237974,Historia del Universo Paralelo,20,Ronald Rice
7268,Teoría Práctica,29,Viridiana Comisso
141014,Cocina Molecular,29,Mario Angulo Villar
138676,Filosofía Cuántica,26,Rosalina Guerra Nuñez
72983,Psicología Canina,22,Alice Powell
55602,Diseño de Moda Intergaláctica,26,Liliana Piacentini-Chiaramonte
161477,Diseño de Moda Intergaláctica,29,Mateo Jaume Valverde
126556,Diseño de Moda Intergaláctica,19,Amalia Romano
129481,Biología Marina,29,Ruperta Luz Alemany Cano
150877,Música para Plantas,27,Grace Rosales
248851,Turismo Espacial,25,Guido Trentin
49448,Biología Marina,19,Giustino Vergassola
229702,Música para Plantas,26,Mitchell Green
168216,Psicología Canina,20,Bautista Carvajal-Fuster
102392,Historia del Universo Paralelo,27,Tanya Fuller
74632,Turismo Espacial,19,Giuseppina Simeoni
83502,Historia del Universo Paralelo,18,Elías Lorenzo Jover
106307,Psicología Canina,22,Alejandra Williams
236031,Artes del Café,30,Wayne Ramos
184,Turismo Espacial,22,Venceslás Haroldo Beltran Sánchez
63605,Filosofía Cuántica,22,Michael Salazar
114550,Historia del Universo Paralelo,24,Martin Merino Alberdi
176088,Psicología Canina,21,Paige Bruce
28657,Filosofía Cuántica,19,Celia Feijoo Correa
122600,Teoría Práctica,18,Dolores Renault
211297,Teoría Práctica,21,Carmelo Tartini
235979,Artes del Café,18,Jenaro Cánovas Olivé
122802,Música para Plantas,29,Chita Sarabia Portero
241766,Teoría Práctica,23,Cory Henson
211485,Turismo Espacial,18,Primitivo Saldaña Duque
138632,Artes del Café,19,Michael Vance
233608,Turismo Espacial,27,Cecilia Ruiz Hernandez
134803,Historia del Universo Paralelo,29,Carlota del Corral
126589,Música para Plantas,24,Pacífica Sanmartín Calderón
152469,Cocina Molecular,21,Curro Ocaña Pol
136123,Teoría Práctica,22,Bettina Barcella
86314,Turismo Espacial,29,Angelina Bellò
4389,Diseño de Moda Intergaláctica,18,Miranda Mack
225809,Turismo Espacial,23,Joseph Spencer
205680,Artes del Café,27,Matilde Jurado
105942,Teoría Práctica,23,Janet Patterson
50068,Historia del Universo Paralelo,19,Cristian Arregui Colom
68650,Cocina Molecular,18,Geoffrey Ramos
201355,Teoría Práctica,27,María Carmen Llorente Sanmiguel
125330,Teoría Práctica,20,David Mendez
95686,Biología Marina,18,Benedetto Einaudi
81697,Artes del Café,23,Caridad Expósito Guerra
41865,Música para Plantas,25,Eugenia Rocamora
121526,Teoría Práctica,23,Dalila Rosa Escrivá
238350,Artes del Café,19,Isa Soranzo-Filippini
2683,Historia del Universo Paralelo,26,Maria Nibali-Lamborghini
167317,Música para Plantas,24,Amedeo Ritacca
186042,Teoría Práctica,30,Anita Gracia Fuente
17592,Turismo Espacial,22,Angélica Riquelme Losa
93358,Turismo Espacial,30,Jessica Rivera
71841,Historia del Universo Paralelo,21,Asdrubal Aparicio Ariño
26807,Diseño de Moda Intergaláctica,20,Bruno Zaguri-Mascheroni
88025,Teoría Práctica,24,Heidi Morgan
102067,Teoría Práctica,26,Elvira Navarro Báez
168552,Turismo Espacial,26,Baldassare Platini
166765,Música para Plantas,29,Lalo de Exposito
143077,Historia del Universo Paralelo,22,Dr. Michael Richardson
143391,Diseño de Moda Intergaláctica,27,Carmen Jordán Palacio
137235,Teoría Práctica,21,Luz del Prats
74659,Diseño de Moda Intergaláctica,18,Juan Antonio Villa Cortes
492,Historia del Universo Paralelo,19,Leonardo Aporti
183669,Historia del Universo Paralelo,25,Rodrigo Vigil Cuesta
39958,Teoría Práctica,30,Basilio de Ángel
205269,Cocina Molecular,27,Valeria Sobrero
62749,Turismo Espacial,25,José Mari Agustín
102976,Teoría Práctica,29,Corrado Barese
146865,Filosofía Cuántica,25,Diane Castillo
16897,Psicología Canina,18,Jose Moore
162340,Artes del Café,21,Heather Dean
158544,Turismo Espacial,29,Angelita Pedro Esparza
177834,Filosofía Cuántica,26,Aurelia Lina Cortina Alemán
108727,Biología Marina,30,Consuelo Castelló
88331,Psicología Canina,28,Alexandra Wright
113598,Biología Marina,18,Augusto Alfonso Ríos
118828,Teoría Práctica,29,Paz Gallo
53890,Historia del Universo Paralelo,21,Robert Williamson
193556,Teoría Práctica,29,Jenny Alsina Morales
133198,Cocina Molecular,28,Eliana Carli
107886,Biología Marina,29,Pasquale Busoni
94156,Psicología Canina,18,Martino Gori
116732,Artes del Café,20,Teodoro Ramis Salas
225476,Cocina Molecular,21,Graciana Barbero
75579,Biología Marina,26,Pastora Valdés Conde
79060,Biología Marina,25,Alberico Desio
56090,Historia del Universo Paralelo,24,Gustavo Santoro
1668,Música para Plantas,27,Miss Michelle Rose
151380,Biología Marina,20,Giacobbe Basso
248395,Historia del Universo Paralelo,28,Lalo Cárdenas
160813,Cocina Molecular,28,Alessia Turrini
111454,Turismo Espacial,24,Anita Zaccardo
184821,Historia del Universo Paralelo,21,Liliana Esposito
241830,Turismo Espacial,30,Felipa Castro Arce
51965,Teoría Práctica,29,Emilio Madrid Ramírez
18762,Filosofía Cuántica,21,Milo Chechi
193165,Diseño de Moda Intergaláctica,18,Elizabeth Jimenez
142634,Música para Plantas,26,Vanesa Madrid-Andres
37379,Música para Plantas,28,Erasmo Caballero Osorio
6937,Turismo Espacial,18,Valerie Peterson
192180,Artes del Café,21,Jon Miller
44047,Filosofía Cuántica,21,Glauco Alfaro Cabeza
30767,Música para Plantas,26,William Rose
35384,Psicología Canina,28,Ángel Verdejo-Gras
92038,Filosofía Cuántica,18,Fanny Tejero Sanmiguel
24992,Biología Marina,30,Gioele Valmarana
164925,Filosofía Cuántica,18,Michelle Kelly
141711,Psicología Canina,26,Lara Garzoni
38960,Música para Plantas,20,Emily Sharp
141380,Teoría Práctica,28,Hipólito Gallo Chico
213041,Psicología Canina,30,Adelmo Pratesi-Martucci
183234,Música para Plantas,20,Lilia del Tamarit
8665,Artes del Café,18,Rachel Buchanan
107088,Artes del Café,21,Sig.ra Bianca Turchi
89016,Diseño de Moda Intergaláctica,28,Dolores Sala Hervás
118308,Música para Plantas,28,Umberto Parisi
15351,Teoría Práctica,25,Lindsey Jordan
238758,Teoría Práctica,23,Gregory Manning
146081,Historia del Universo Paralelo,23,Audrey Holland
106050,Historia del Universo Paralelo,21,Julie Walker
249145,Biología Marina,18,Ermenegildo Gucci
217982,Música para Plantas,28,Rosaria Fantozzi
91957,Música para Plantas,23,Dalila Pulido Abascal
150768,Artes del Café,28,Sig. Domenico Toscani
155137,Diseño de Moda Intergaláctica,22,Bryan Wood
86536,Diseño de Moda Intergaláctica,27,Vittoria Roth
176043,Filosofía Cuántica,30,Kimberly Arnold
142397,Psicología Canina,27,Rembrandt Zanichelli
185344,Música para Plantas,26,Jared Hudson
122021,Filosofía Cuántica,26,Juanita Carrillo
131686,Música para Plantas,19,Luciano Sabatini-Nitti
116877,Teoría Práctica,20,Ulises Ortiz Feliu
157610,Diseño de Moda Intergaláctica,23,Sean Montgomery
75835,Filosofía Cuántica,23,Becky Clark
84459,Cocina Molecular,26,Amanda Cline
52262,Música para Plantas,26,María Del Carmen Martín Acevedo
152194,Diseño de Moda Intergaláctica,26,Jonathan Morris
177750,Filosofía Cuántica,26,Virginia Sanguineti-Trevisani
248668,Historia del Universo Paralelo,27,Arnulfo Babbo-Guarana
202253,Filosofía Cuántica,27,Costanzo Nicoletti
189310,Música para Plantas,21,Simone Borsellino
166877,Teoría Práctica,20,Peggy Mckinney
110087,Psicología Canina,24,Dino Lucarelli-Barozzi
152866,Diseño de Moda Intergaláctica,30,Bernardino Contreras Cervera
192339,Artes del Café,30,Dorotea Hidalgo Cuadrado
99554,Música para Plantas,25,Adelasia Vianello
119113,Música para Plantas,25,Ámbar Alejandra Bayón Carretero
227567,Música para Plantas,27,Anacleto Puga Abellán
186453,Música para Plantas,25,Gianna Marangoni
73115,Teoría Práctica,22,Sig. Armando Falloppio
188185,Biología Marina,20,Greco Toselli
240470,Filosofía Cuántica,19,Tyler Roy
148825,Psicología Canina,27,Giulia Beccaria
186888,Psicología Canina,27,Macarena Sáez Bolaños
10267,Diseño de Moda Intergaláctica,30,Adam Morales
119854,Turismo Espacial,29,Ornella Lanfranchi
111779,Teoría Práctica,26,Amalia Pelli
162860,Cocina Molecular,30,Rosa Lidia Uriarte Samper
2457,Cocina Molecular,24,Ema Nogueira Peral
156661,Diseño de Moda Intergaláctica,29,Dominga Lillo Beltran
230816,Cocina Molecular,18,Brittany Boyd
48091,Cocina Molecular,25,Agostino Guglielmi
246748,Historia del Universo Paralelo,29,Gianfrancesco Agnesi-Curci
18749,Cocina Molecular,19,Agapito Coll Blazquez
42939,Música para Plantas,18,Reynaldo Yáñez Quevedo
153230,Historia del Universo Paralelo,21,Sig.ra Antonella Rinaldi
92367,Cocina Molecular,24,Sig.ra Evangelista Cutrufo
44272,Psicología Canina,27,Sole Sforza
83334,Teoría Práctica,18,Robert Tran
16677,Turismo Espacial,30,Sig. Mattia Morosini
42920,Biología Marina,27,Nicole Huffman
99600,Teoría Práctica,21,Lonnie Choi
89387,Biología Marina,24,Christina Reynolds
89762,Historia del Universo Paralelo,29,Encarnacion Bárcena Bonet
34537,Historia del Universo Paralelo,27,Joshua Castillo
87342,Cocina Molecular,20,Kimberly Stanley
247695,Turismo Espacial,18,Teodosio Sabater-Jimenez
135483,Teoría Práctica,22,Sarah Anderson MD
101602,Filosofía Cuántica,28,Saverio Ottino
68294,Filosofía Cuántica,21,Pastor Rosario Duarte Canales
59222,Cocina Molecular,18,Charles King
125140,Psicología Canina,21,Feliciana Gálvez Poza
150724,Biología Marina,30,Rufino Casanova Cámara
166311,Teoría Práctica,18,Meredith Lam
173170,Turismo Espacial,28,Giacomo Gucci
82988,Filosofía Cuántica,25,Imelda Casares Salamanca
46087,Turismo Espacial,26,Tina Williams
214549,Historia del Universo Paralelo,23,Paloma Méndez-Niño
105507,Historia del Universo Paralelo,27,Rachel Strickland
188842,Biología Marina,20,Eli Segura
201827,Psicología Canina,28,Dott. Donna Turchi
38132,Historia del Universo Paralelo,20,Jamie Hughes
139172,Turismo Espacial,24,Jessica Pratt
214663,Biología Marina,28,Dott. Ida Faugno
233947,Cocina Molecular,24,Flavio Rosell Expósito
97393,Psicología Canina,21,Dott. Amadeo Mercantini
4699,Filosofía Cuántica,18,Rodrigo Herrero
30038,Teoría Práctica,28,Berta Tomás Ferrero
24739,Turismo Espacial,19,Tonya Woods
101914,Biología Marina,29,Ermanno Corbo
247486,Teoría Práctica,23,Lupita Villa Cuesta
75719,Artes del Café,23,Brett Brown
195405,Historia del Universo Paralelo,21,Nicola Correr
186362,Cocina Molecular,28,Lucía Andrea Tejedor Peñalver
198137,Artes del Café,20,Germán de Briones
20403,Artes del Café,26,Paulino Torrens Montero
89161,Diseño de Moda Intergaláctica,18,Ugo Montanelli
164472,Cocina Molecular,30,Jenny Salvà Valverde
136852,Biología Marina,21,Rosalia Bettin
164695,Cocina Molecular,27,Gianna Conte
94287,Música para Plantas,30,Luchino Zetticci
28197,Psicología Canina,30,Stefano Bassi
126799,Biología Marina,19,Martino Galvani
54757,Diseño de Moda Intergaláctica,22,Desiderio Navarro Ortega
138671,Psicología Canina,18,Guglielmo Veneziano
126497,Artes del Café,28,Michelle Jennings
145047,Filosofía Cuántica,26,Juan Hartman
199902,Música para Plantas,24,Tammy Lawson
122472,Artes del Café,18,Benjamín Sánchez Granados
131066,Biología Marina,28,Calixta Aragonés-Tello
9410,Cocina Molecular,27,Leone Bonaventura
30084,Artes del Café,28,Eric Lopez
167740,Artes del Café,20,Aroa Eva Quevedo Juan
181098,Filosofía Cuántica,29,Damon Frazier
145700,Biología Marina,28,Orazio Gibilisco
95097,Artes del Café,20,Graciano Cárdenas
54567,Cocina Molecular,24,Emily Richardson
42429,Música para Plantas,23,Cosme Salcedo Vera
118087,Turismo Espacial,20,Coluccio Beccheria
212312,Filosofía Cuántica,22,Heliodoro Jaén Arias
19654,Turismo Espacial,18,Carmina Almansa Arnal
50361,Turismo Espacial,20,Albano Ramis
19411,Música para Plantas,23,Diego Ribas-Bou
74394,Teoría Práctica,22,Gian Soderini-Nordio
31911,Diseño de Moda Intergaláctica,24,Elena Agostini
243337,Diseño de Moda Intergaláctica,21,Ruggiero Giacconi
183629,Teoría Práctica,23,Destiny Martinez
37596,Psicología Canina,28,Prudencio Jurado Villena
197122,Biología Marina,29,Ashley Weaver
70269,Diseño de Moda Intergaláctica,23,Sergius Aldobrandi
74764,Diseño de Moda Intergaláctica,30,Laurie Holder
229293,Cocina Molecular,21,Adriana Cardano
81252,Teoría Práctica,18,Erin Johns
176605,Cocina Molecular,30,Jeremy Ray
237778,Música para Plantas,19,Mr. Jeremy Franklin
169679,Artes del Café,23,Cipriano Garrone
225171,Música para Plantas,22,Lisa Mclaughlin
15707,Teoría Práctica,29,Federica Pisacane
160375,Filosofía Cuántica,27,Thomas Mccoy
174034,Turismo Espacial,21,Francis Richardson
136507,Turismo Espacial,20,Victorino Cerdán Estevez
21295,Teoría Práctica,30,Sarah Lane
76753,Historia del Universo Paralelo,20,Taylor Wilkerson
99713,Cocina Molecular,20,Venceslás Crespo Galván
19916,Historia del Universo Paralelo,28,Luisa Mogherini
197445,Historia del Universo Paralelo,24,Marissa Small
214367,Cocina Molecular,25,Riccardo Borsellino
162292,Turismo Espacial,24,Che Maximino Andres Valls
116282,Música para Plantas,27,Atenulf Antonioni
25858,Filosofía Cuántica,22,Roberta Niscoromni-Borghese
210614,Biología Marina,25,Che de Cabanillas
26001,Música para Plantas,19,Luciano Lombroso
208573,Música para Plantas,29,Lauren Pineda
79978,Historia del Universo Paralelo,18,Paige Mills
82556,Historia del Universo Paralelo,26,Enzio Interiano
184698,Cocina Molecular,29,Sig.ra Antonietta Baresi
110357,Diseño de Moda Intergaláctica,25,Caterina Gucci
114775,Psicología Canina,18,Silvia Gianinazzi-Morosini
202144,Filosofía Cuántica,22,Kathryn Smith
87224,Psicología Canina,22,Alexandra Baker
69473,Diseño de Moda Intergaláctica,20,Lisa Lin
169677,Diseño de Moda Intergaláctica,22,Martín del Torrecilla
181311,Historia del Universo Paralelo,22,Stephen Brady
164990,Cocina Molecular,29,Laura Maldonado
234651,Filosofía Cuántica,29,Adela de Cuenca
120866,Artes del Café,24,Arturo Oliboni
236486,Historia del Universo Paralelo,27,Estefanía Casado Piquer
229401,Artes del Café,24,Christina Bell
141359,Filosofía Cuántica,26,Gonzalo Peiró Montaña
141749,Teoría Práctica,22,Ciro Taccola
205418,Biología Marina,30,Nico Peñalver Palomares
50406,Artes del Café,30,Roman Babbo
141265,Biología Marina,22,Eduardo Cuesta
203743,Historia del Universo Paralelo,18,Cornelio Velasco Manjón
189221,Música para Plantas,23,Felicia Morse DDS
30624,Diseño de Moda Intergaláctica,22,Dawn Johnson
62825,Música para Plantas,30,Chiara Dallapé-Regge
108197,Diseño de Moda Intergaláctica,24,Cassandra Cutrufo
242878,Biología Marina,23,Feliciano Conde Huertas
23369,Teoría Práctica,29,Yaiza de Morán
58161,Diseño de Moda Intergaláctica,19,Gioele Antonioni
193367,Historia del Universo Paralelo,24,Sara Alvarez
154949,Diseño de Moda Intergaláctica,26,Valerio Modugno
98457,Psicología Canina,21,Adalberto Villena Heras
210890,Biología Marina,18,Marcella Gradenigo
34262,Música para Plantas,30,Cruz Sala Vargas
83302,Música para Plantas,22,Ashley Tate
240287,Filosofía Cuántica,20,César Salmerón Bernat
149615,Biología Marina,24,Antonello Casaleggio
28379,Historia del Universo Paralelo,28,Scott Yang
9800,Diseño de Moda Intergaláctica,19,Jose Rueda Salvà
247155,Turismo Espacial,22,Piergiorgio Salandra-Chigi
156171,Música para Plantas,20,Annamaria Toso
32029,Psicología Canina,20,Juan Snyder IV
77638,Filosofía Cuántica,22,Raúl Cardona
3916,Música para Plantas,30,Sig. Saverio Togliatti
129100,Artes del Café,20,Paul Graves
188290,Diseño de Moda Intergaláctica,22,Eusebia Bermejo Ortuño
224527,Artes del Café,27,Berenice Bulzoni
105713,Cocina Molecular,27,Angela Conrad
174725,Biología Marina,30,Marcial Otero Riba
10577,Música para Plantas,19,Amanda Robinson
74019,Teoría Práctica,29,Anna Raymond
40887,Historia del Universo Paralelo,28,Katherine Vargas MD
6440,Biología Marina,30,Donatella Fiorucci
201279,Historia del Universo Paralelo,24,Ruggiero Morgagni
132735,Artes del Café,30,Ernesto Govoni
152952,Historia del Universo Paralelo,28,Elisa Tomas-Gutierrez
93306,Artes del Café,30,Luciana Muti-Morandini
62912,Psicología Canina,26,Jeremy Salas
68919,Artes del Café,20,Brandon Gordon
33772,Música para Plantas,21,Emily Smith
94321,Cocina Molecular,29,Juan Luis Frías
737,Psicología Canina,19,Luisa Reina Nevado
146184,Biología Marina,26,Linda Henderson
50031,Artes del Café,26,Sergio Anglada-Sanabria
57435,Filosofía Cuántica,20,Felisa Lorenza Pedro Plaza
83598,Música para Plantas,23,Elladio Comencini-Interminei
29736,Cocina Molecular,28,Nico Leblanc
153297,Filosofía Cuántica,20,Ibán de Reina
57147,Música para Plantas,29,Alina Gravina
143618,Filosofía Cuántica,25,Edelmira Gomez Mendez
81112,Artes del Café,18,Hailey Hubbard
144466,Música para Plantas,18,Filippa Squarcione
103311,Filosofía Cuántica,29,Máximo Clavero Botella
221362,Cocina Molecular,18,Bernardo Dallapé
213373,Cocina Molecular,23,April Cook
190956,Cocina Molecular,23,Sig.ra Zaira Gori
19849,Psicología Canina,28,Brittany Hansen
164315,Biología Marina,24,Saturnina Barco Sala
180685,Filosofía Cuántica,28,Sig.ra Angelica Draghi
181172,Música para Plantas,21,Melina Venditti
241036,Artes del Café,18,Rosaura Portero Llanos
243787,Biología Marina,25,Ubaldo Antonello
54543,Historia del Universo Paralelo,29,Steven Miranda
90999,Teoría Práctica,29,Evelyn Campbell
183478,Música para Plantas,23,Lolita Pavone
155586,Biología Marina,26,Cristian Neira Esteve
145174,Diseño de Moda Intergaláctica,27,Maricruz Cobos Fabregat
50278,Cocina Molecular,24,Heather Palmer
202330,Turismo Espacial,22,Bernardo Macías Piña
15494,Música para Plantas,27,Nathan Davis
215645,Diseño de Moda Intergaláctica,24,Calogero Nordio-Giannelli
200523,Artes del Café,18,Conrado Abella Arco
100335,Teoría Práctica,25,Christopher Sharp
193927,Historia del Universo Paralelo,28,David Moore
61305,Biología Marina,27,Carmelo Cobos Cuevas
86281,Turismo Espacial,19,Sig. Manuel Ginesio
122625,Diseño de Moda Intergaláctica,21,Samantha Lynch
41722,Cocina Molecular,18,Isidro Balaguer Tovar
217072,Diseño de Moda Intergaláctica,28,Benita Mayoral Lloret
82359,Artes del Café,28,Sig. Ivan Crespi
106056,Filosofía Cuántica,30,Elisa Tolentino-Valier
121914,Filosofía Cuántica,29,Wilfredo del Figueroa
169814,Artes del Café,22,Malena Teruel Herranz
224498,Diseño de Moda Intergaláctica,22,Selena Ramos Gomila
246260,Diseño de Moda Intergaláctica,22,Etta Gangemi
107481,Teoría Práctica,21,Leticia Álvarez Bernal
13045,Artes del Café,18,Corrado Comolli
226574,Música para Plantas,27,Vanesa Plaza Núñez
163548,Teoría Práctica,28,Antonio Lambert
70487,Artes del Café,19,Rembrandt Ferragni
87197,Historia del Universo Paralelo,24,Calcedonio Maccanelli
99405,Música para Plantas,25,Azucena Neira Ropero
185601,Turismo Espacial,28,Rembrandt Falcone-Mazzacurati
102814,Turismo Espacial,28,Tyler Hunter
141082,Teoría Práctica,21,Lori Robinson
27313,Artes del Café,19,Ann Galvan
35814,Artes del Café,18,Michael Moran
121321,Cocina Molecular,25,Eutimio Solana Tamarit
33656,Historia del Universo Paralelo,21,Rosario del Carpio
134293,Teoría Práctica,30,Raffaella Fabbri
100963,Historia del Universo Paralelo,21,Mayte Batlle Álvaro
142482,Diseño de Moda Intergaláctica,22,Gloria Missoni-Offredi
141094,Teoría Práctica,20,James Hart
60257,Diseño de Moda Intergaláctica,24,Jafet Duque Ocaña
184332,Biología Marina,23,Michelle Kidd
71109,Turismo Espacial,19,Griselda Anglada Ibarra
97430,Psicología Canina,27,Amalia Bellucci-Monaco
41458,Música para Plantas,20,Olivia Moore
138468,Diseño de Moda Intergaláctica,30,Trini Vélez Ibarra
158050,Biología Marina,25,Ashley French
30522,Cocina Molecular,18,Luz del Molina
164121,Artes del Café,22,Luis Miguel Machado Santamaría
84778,Artes del Café,18,Giorgio Casagrande
204364,Filosofía Cuántica,29,Albert Gonzalo
139058,Filosofía Cuántica,26,Ermanno Bruscantini
81567,Filosofía Cuántica,28,Rolando Bonolis
25406,Filosofía Cuántica,18,Rosalía Neira Bertrán
91797,Música para Plantas,29,Julieta Ferrero Palomino
56100,Biología Marina,27,Lola González Sanchez
192054,Música para Plantas,22,Natalio Ayuso Ruiz
192340,Filosofía Cuántica,28,Dean Kennedy
65743,Diseño de Moda Intergaláctica,21,Gemma Leonardi
200251,Artes del Café,27,Dott. Rosario Peranda
125585,Psicología Canina,21,Esteban Manuel Andres
99095,Turismo Espacial,22,Katherine Price
238228,Cocina Molecular,30,Debbie Sullivan
238000,Turismo Espacial,24,Fiorenzo Stefanelli
90493,Biología Marina,30,Laura Frank
29495,Filosofía Cuántica,28,Néstor Múgica Cordero
42340,Teoría Práctica,29,Pompeo Zeffirelli
123895,Biología Marina,24,Reynaldo Jaume Cabo
187104,Historia del Universo Paralelo,24,Yago del Pedraza
100501,Teoría Práctica,26,Marcelino Izquierdo
33534,Psicología Canina,25,Martino Salata
28950,Biología Marina,22,Reina Ballesteros Iborra
26742,Cocina Molecular,21,Michael Banks
64842,Artes del Café,21,Juan Holt
102312,Diseño de Moda Intergaláctica,21,Rita Evita Pujol Duarte
235890,Historia del Universo Paralelo,21,Kim Collier
82748,Filosofía Cuántica,27,Charles Owens
157784,Turismo Espacial,18,Brenda Whitney
157950,Filosofía Cuántica,24,Jose Francisco Losada Oliva
212144,Artes del Café,27,Martirio del Bertrán
173355,Psicología Canina,29,Prudencio del Carrión
228121,Cocina Molecular,28,Mariah Carey
148739,Psicología Canina,19,Moisés Adolfo Zorrilla Barreda
161367,Psicología Canina,23,Courtney Curry
192460,Música para Plantas,19,Michael Thomas
15491,Historia del Universo Paralelo,26,Gary Hudson
226765,Turismo Espacial,26,Simonetta Solimena
76432,Música para Plantas,20,Donatello Bellini
156536,Filosofía Cuántica,23,Jeffrey Kline
17670,Cocina Molecular,19,Pierpaolo Bevilacqua-Boiardo
16961,Música para Plantas,19,Corona Salas Piquer
44496,Filosofía Cuántica,24,Luciano Mazzacurati
114720,Cocina Molecular,20,Tonino Scotto
226974,Artes del Café,21,Luisa Emo
131388,Música para Plantas,25,Graziella Cabrini
209370,Turismo Espacial,21,Isabel Salom Gonzalez
246562,Biología Marina,30,Melania Nitto
110918,Música para Plantas,30,Kelly Meadows
60663,Biología Marina,22,Massimo Malipiero
70532,Filosofía Cuántica,21,Vincentio Nicolucci
30932,Artes del Café,29,Tina Rensi
174423,Historia del Universo Paralelo,20,Sig. Adelmo Trobbiani
228560,Historia del Universo Paralelo,26,Graciela Cañas Rueda
249586,Artes del Café,19,Brian Lee
240531,Artes del Café,23,Flavia Roldan Segovia
144399,Turismo Espacial,24,Eulalia Cal Aramburu
49568,Música para Plantas,21,Chiara Duodo-Cesaroni
16251,Filosofía Cuántica,19,Liliana Camiscione
235450,Turismo Espacial,19,Eddie Baker
161173,Biología Marina,28,Ludovico Giannelli
106323,Biología Marina,19,Martina Garay Peñas
227391,Artes del Café,22,Loretta Ravaglioli
62236,Música para Plantas,23,Teófila Sacristán Mosquera
237025,Historia del Universo Paralelo,20,Serena Beffa
104610,Psicología Canina,20,Patrick Huber
21027,Filosofía Cuántica,18,Ivo Santi
87267,Artes del Café,22,Florencio Guzman-Cepeda
40883,Artes del Café,28,Galasso Cherubini
246467,Psicología Canina,29,Mariana Ribas Escobar
123455,Música para Plantas,22,Calisto Gonzalo-Álvaro
230030,Cocina Molecular,21,Águeda Abellán Alcázar
134437,Historia del Universo Paralelo,27,Maurilio Caetani
241909,Artes del Café,21,Michael Schwartz
115196,Música para Plantas,18,Jimmy Howard
138326,Filosofía Cuántica,23,Mónica Remedios Velázquez Duarte
222542,Cocina Molecular,23,Matteo Pucci
180306,Biología Marina,19,Berenice Pezzali
173295,Cocina Molecular,22,James Guerrero
140318,Música para Plantas,19,Shelly Patrick
28363,Historia del Universo Paralelo,18,Jessica Leonard
164344,Diseño de Moda Intergaláctica,18,Danilo Benítez Miranda
64,Diseño de Moda Intergaláctica,22,Alfredo Piane
759,Cocina Molecular,21,Giulio Scaduto
197871,Historia del Universo Paralelo,19,William Davis
153299,Música para Plantas,18,Cathy Joseph
117553,Turismo Espacial,22,Liberto Ginese
233840,Turismo Espacial,26,Dott. Imelda Toscani
235558,Psicología Canina,19,Amber Molina
69960,Biología Marina,19,Heather Burns
142409,Artes del Café,23,Nazaret Casals Peñas
10252,Psicología Canina,20,Ofelia Salazar Muro
199824,Psicología Canina,27,Tammy Reed
93164,Filosofía Cuántica,20,Jamie Bond
212393,Diseño de Moda Intergaláctica,20,Marisela Sarabia Barrios
236033,Filosofía Cuántica,24,Gianpaolo Finzi
86207,Música para Plantas,19,Mario Turrini
209040,Teoría Práctica,20,Brian White
144959,Cocina Molecular,26,Milo Taccola
46689,Música para Plantas,28,Nicolò Rosselli-Disdero
223399,Filosofía Cuántica,27,Sarah Wilson
64025,Música para Plantas,25,Paco Mateu-Orozco
186177,Cocina Molecular,30,Daniel Montgomery
232613,Psicología Canina,30,Edoardo Calvo
13179,Biología Marina,23,Dott. Virgilio Dibiasi
244560,Filosofía Cuántica,30,Macarena Collado Miguel
194618,Biología Marina,20,Jeffrey Alexander
143520,Cocina Molecular,18,Marvin Stevens
76907,Turismo Espacial,26,Matthew Coleman
202294,Cocina Molecular,28,Dr. Darrell Hays
92839,Biología Marina,23,Nanni Palumbo
53535,Turismo Espacial,20,Kelly Russo
32571,Diseño de Moda Intergaláctica,26,Sig. Ronaldo Tonisto
10204,Biología Marina,28,Noé Ávila-Pla
198720,Psicología Canina,18,Jeremy Good
61636,Artes del Café,25,Cynthia Glover
92641,Biología Marina,24,Valerie Everett
210770,Cocina Molecular,30,Claudio Acerbi
28163,Artes del Café,24,Katie Gomez
61551,Turismo Espacial,25,Lucila Solera Machado
109913,Biología Marina,21,Fortunato Estevez Goñi
128286,Psicología Canina,21,Baldassare Cagnin
58528,Artes del Café,19,Nicoletta Luria-Druso
108426,Cocina Molecular,18,Chiara Grisoni
191776,Diseño de Moda Intergaláctica,24,Dott. Dina Govoni
59200,Cocina Molecular,20,Shelby Johnson
36788,Artes del Café,25,Elena Beccheria
217013,Música para Plantas,20,Guarino Stoppani
70851,Filosofía Cuántica,26,Nicole Rodriguez
142742,Turismo Espacial,20,Jillian Ward
82034,Turismo Espacial,25,Nico Arias Salvà
120007,Historia del Universo Paralelo,30,Tullio Castellitto
125855,Música para Plantas,19,Brittany Smith
188548,Teoría Práctica,29,Raimondo Valguarnera-Sanguineti
191436,Historia del Universo Paralelo,24,Manu Valcárcel Calvet
139078,Artes del Café,21,Almudena Cuenca Garmendia
125001,Artes del Café,26,Nadia Celentano
225075,Música para Plantas,22,Romana Borghese
126747,Cocina Molecular,25,Rosaura de Lara
107670,Música para Plantas,26,Ángela Cortes Mayoral
111632,Teoría Práctica,28,Simone Ruggieri
61174,Historia del Universo Paralelo,26,Carlito de Cantero
108049,Psicología Canina,29,Cosme Saavedra
129398,Teoría Práctica,26,Ignacio Juan Antonio Melero Calderon
107816,Turismo Espacial,30,Josué Pacheco Gisbert
39493,Psicología Canina,21,Jaime Porcel Villaverde
148087,Diseño de Moda Intergaláctica,21,Dr. Curtis Charles
205362,Turismo Espacial,23,Oriana Perelló-Tejada
46648,Psicología Canina,20,Kristen King
27332,Biología Marina,23,Biagio Caironi
230873,Historia del Universo Paralelo,30,Flavio Cuevas Pinilla
132025,Biología Marina,21,Ignacia Rafaela Ferrando Corral
98791,Psicología Canina,24,Dina Cilea
146525,Turismo Espacial,26,Antonella Baroffio-Tassoni
177725,Teoría Práctica,25,Graziano Galilei
132606,Cocina Molecular,20,Donatella Ferretti
157429,Turismo Espacial,23,Sandra Ceri
248698,Diseño de Moda Intergaláctica,29,Emilio Céspedes Sebastián
90805,Cocina Molecular,28,Mauro Marsili
249866,Teoría Práctica,25,Sig. Torquato Prada
207972,Música para Plantas,30,Ignacio Blanes
240255,Biología Marina,19,Maria Sanchez
6192,Psicología Canina,29,Zachary Barrett
16105,Diseño de Moda Intergaláctica,23,Vincentio Tonisto-Dallapé
180515,Música para Plantas,21,Elaine Holmes
74812,Biología Marina,29,Angela Pena
172832,Biología Marina,22,Joel Mccoy
81921,Música para Plantas,27,Stephanie Lopez
4464,Turismo Espacial,23,Sara Leon Vendrell
5302,Cocina Molecular,20,Nicolò Pincherle
184730,Diseño de Moda Intergaláctica,25,Hermenegildo Alvarez García
64477,Teoría Práctica,24,Buenaventura Morcillo
221491,Artes del Café,22,David Duncan
191965,Biología Marina,20,Amaro Casas-Orozco
115537,Música para Plantas,19,Adam Smith
91323,Música para Plantas,26,Michelle Mcpherson
49553,Teoría Práctica,28,Mariano Tomas-Recio
16505,Psicología Canina,24,Ashley Scott
172100,Psicología Canina,26,Ludovica Parisi
189875,Filosofía Cuántica,20,Alyssa Dalton
236657,Turismo Espacial,22,Lisa Weber
201934,Cocina Molecular,30,Hannah Washington
172447,Cocina Molecular,24,Michael Thompson
30647,Diseño de Moda Intergaláctica,24,Francesca Busoni
213859,Diseño de Moda Intergaláctica,30,Emily Frazier
177507,Música para Plantas,20,Gemma Porcellato
106571,Artes del Café,29,Orlando Basso
28913,Historia del Universo Paralelo,30,Sig.ra Sophia Dellucci
75952,Diseño de Moda Intergaláctica,18,Dott. Arnaldo Asmundo
170756,Biología Marina,19,Toni Peña Pablo
125007,Artes del Café,25,Dott. Luigi Gabba
113107,Turismo Espacial,30,Eric Clark
57683,Biología Marina,20,Puccio Baracca
249852,Teoría Práctica,23,Dott. Ludovica Badoer
174655,Filosofía Cuántica,18,Hector Saunders
144810,Teoría Práctica,27,Lidia Vasari
239413,Artes del Café,25,Elmo Rinaldi
16888,Teoría Práctica,19,Sig. Greco Catenazzi
163821,Diseño de Moda Intergaláctica,25,Daniel Buchanan
150164,Diseño de Moda Intergaláctica,26,Evangelina Celia Vidal Mur
182193,Diseño de Moda Intergaláctica,25,Sig. Luigi Branciforte
140093,Historia del Universo Paralelo,26,Dott. Ansaldo Bonatti
58557,Diseño de Moda Intergaláctica,26,Fedele Ferragamo
189118,Música para Plantas,26,Federica Tanzini
79164,Filosofía Cuántica,24,Lauren Simon
111183,Teoría Práctica,21,Flavia Montoya
81681,Diseño de Moda Intergaláctica,24,Dott. Fabrizio Battisti
33101,Música para Plantas,18,Itziar Anglada Bellido
115911,Artes del Café,29,Ema del Baena
134832,Historia del Universo Paralelo,28,Isa Mas Izaguirre
197893,Turismo Espacial,22,Edgardo Merino Falcón
26916,Música para Plantas,29,Armando Scotti
104357,Filosofía Cuántica,29,Edward Williams
23520,Cocina Molecular,20,Agustina Sanjuan Nieto
230001,Historia del Universo Paralelo,27,Brent Campbell
94924,Biología Marina,26,Donald Meyer
217220,Filosofía Cuántica,19,Greca Marinetti-Barracco
41579,Filosofía Cuántica,24,Sig. Biagio Favata
228769,Turismo Espacial,23,Giuseppe Beffa-Salandra
90769,Teoría Práctica,26,Stefani Costalonga
11460,Psicología Canina,25,Tere de Narváez
162914,Psicología Canina,20,Alberico Trapani
144277,Filosofía Cuántica,19,Dott. Fortunata Onio
111973,Filosofía Cuántica,25,Fredo Fagotto
53037,Turismo Espacial,28,Sarah Johnson
41308,Biología Marina,28,Jaime Catalán Haro
136840,Biología Marina,29,Giacomo Saracino
205691,Diseño de Moda Intergaláctica,21,Ágata Coello-Azorin
130154,Artes del Café,23,Julian Ali
97095,Teoría Práctica,29,Alexandria Nguyen
237596,Historia del Universo Paralelo,29,Felisa Ramirez Caballero
214010,Historia del Universo Paralelo,24,Adriana Robinson
214891,Turismo Espacial,27,Jessica Murray
239341,Diseño de Moda Intergaláctica,30,Bartolomeo Colletti
142177,Psicología Canina,24,Agustín Fabregat Casanova
97418,Turismo Espacial,26,Sig.ra Paoletta Scialpi
222133,Historia del Universo Paralelo,30,Gordon Wiley
74169,Cocina Molecular,29,Amber Hudson
17541,Música para Plantas,28,Vincenzo Schiaparelli
94193,Biología Marina,22,Rosalina Herrera-Cervera
186961,Diseño de Moda Intergaláctica,27,Rosario Guarneri
202804,Psicología Canina,18,Donatello Casadei
105384,Teoría Práctica,21,Rebecca Esparza
160848,Diseño de Moda Intergaláctica,20,Amanda Anderson
110689,Música para Plantas,20,Kevin Wolfe
84058,Artes del Café,18,Gala Blázquez Casanova
201942,Diseño de Moda Intergaláctica,29,Molly Martinez
139253,Biología Marina,21,Sig. Pasqual Collodi
30800,Turismo Espacial,21,Lisa Rogers
61534,Cocina Molecular,19,Isaac Mcclain
238307,Artes del Café,24,Ansaldo Micca
77602,Filosofía Cuántica,27,Angelo Marrone
206301,Biología Marina,24,Melania Morandini
202923,Biología Marina,19,Luisa Trobbiani-Durante
27841,Artes del Café,18,Brent Sweeney
195294,Biología Marina,19,John Banks
38236,Música para Plantas,27,Heraclio Bermudez Reig
75026,Biología Marina,26,Raymond Bruce
243473,Psicología Canina,22,Jaime Juan Antonio Viana Romero
183292,Psicología Canina,27,Modesta Aitana Navas Espada
200636,Historia del Universo Paralelo,20,Ágata Echeverría
231959,Biología Marina,22,Humberto Marín Palomo
78628,Teoría Práctica,27,Lisa Phillips
227928,Cocina Molecular,20,Piermaria Caruso
203307,Teoría Práctica,28,Sandra Lucarelli
177792,Teoría Práctica,19,Fabián Curro Abascal Fernandez
76527,Música para Plantas,28,Jesús de Iglesia
220921,Teoría Práctica,20,Timothy Conner
213347,Música para Plantas,19,Alexandra Day
245122,Biología Marina,19,Dott. Luca Gregorio
76039,Diseño de Moda Intergaláctica,18,Fiorino Veltroni
29165,Artes del Café,20,Sergio Cannon
52920,Artes del Café,30,Katherine Choi
218505,Música para Plantas,25,Dott. Laureano Greco
152778,Historia del Universo Paralelo,19,Gaetano Scarfoglio-Scarpa
208036,Diseño de Moda Intergaláctica,20,Jacqueline Watkins
184812,Turismo Espacial,20,Nichole Benitez
178943,Psicología Canina,25,Alfio Gibilisco
72645,Artes del Café,23,Ignazio Zamorani-Dibiasi
38833,Turismo Espacial,29,Poncio de Quiroga
138617,Cocina Molecular,19,Grant Morrow
213886,Historia del Universo Paralelo,28,Florencia Torralba Mayo
237535,Diseño de Moda Intergaláctica,28,Felipe Cantón Linares
27483,Diseño de Moda Intergaláctica,24,Aurora Serraglio
214172,Artes del Café,29,Eleuterio del Cepeda
101260,Artes del Café,28,Ximena Cortes Hoyos
139748,Psicología Canina,23,Riccardo Casagrande
40935,Turismo Espacial,25,Casandra Cañellas Reguera
166466,Historia del Universo Paralelo,25,Rodney Mason
13126,Biología Marina,26,Ilaria Bondumier
127025,Música para Plantas,19,Jamie Floyd
233444,Teoría Práctica,20,Stefania Corcos-Guarneri
124461,Cocina Molecular,24,Albert Carter
197005,Turismo Espacial,24,Yéssica Ojeda-Casanovas
61229,Psicología Canina,19,Giampiero Morellato-Gramsci
131970,Diseño de Moda Intergaláctica,23,Joshua Guzman
7122,Música para Plantas,29,Ángela Pujol Acosta
209874,Historia del Universo Paralelo,23,Jovita Torrens-Soria
117571,Artes del Café,26,Dott. Lilla Caboto
187618,Cocina Molecular,22,Sig.ra Cristina Comeriato
42322,Biología Marina,21,Carlos Jackson
218175,Diseño de Moda Intergaláctica,25,Michael Snow
101677,Historia del Universo Paralelo,26,Joseph Miller
240380,Teoría Práctica,25,David Scott
96853,Teoría Práctica,24,Samuel Gill
172340,Historia del Universo Paralelo,19,Emily Jones
41871,Psicología Canina,18,Ulises Aparicio
115803,Cocina Molecular,28,Lilla Segrè
104935,Cocina Molecular,18,John Cooper
33467,Psicología Canina,25,Melchor Méndez
73802,Filosofía Cuántica,30,Renato Bernad
91659,Turismo Espacial,21,Amarilis Méndez Carranza
145314,Cocina Molecular,21,Michael Carson
162353,Turismo Espacial,20,John Johnson
247480,Historia del Universo Paralelo,19,Marisela Marisa Garcés Martinez
231186,Biología Marina,27,Donna Watkins
73665,Biología Marina,30,Elladio Verdi
239803,Filosofía Cuántica,20,Stephen Macdonald
218887,Historia del Universo Paralelo,30,Richard Smith
101100,Teoría Práctica,20,Lola Mata Yuste
41698,Cocina Molecular,27,Kyle Morris
158119,Cocina Molecular,26,Bianca Maderno
78193,Artes del Café,26,Mr. Adam Johnson
211050,Artes del Café,18,Alexander Figueroa
162795,Música para Plantas,18,Monica Cadorna
56653,Filosofía Cuántica,21,Calcedonio Fittipaldi
83398,Historia del Universo Paralelo,24,Alonso Mínguez Castrillo
184538,Teoría Práctica,24,Damon Murphy
16932,Teoría Práctica,25,Kent Hancock
51913,Teoría Práctica,18,Georgina Saez Solé
232944,Teoría Práctica,21,Nazario Moles-Losada
233584,Teoría Práctica,26,Teo Andreu-Heras
88376,Cocina Molecular,24,Donna Ossola
53302,Teoría Práctica,28,Linda Turner
147021,Filosofía Cuántica,25,Tonino Cilea
142152,Psicología Canina,27,Tomás Osvaldo Barriga Bernal
10802,Música para Plantas,25,Esteban Pacheco
206319,Teoría Práctica,18,Dott. Germana Procacci
193922,Filosofía Cuántica,19,Salvatore Leonardi
210117,Artes del Café,19,Bruce Jones
58737,Psicología Canina,29,Vickie Miller
78116,Música para Plantas,30,Goyo Asensio Aguilar
13357,Biología Marina,26,Licia Boitani
76006,Diseño de Moda Intergaláctica,20,Jennifer Ballard
166355,Artes del Café,22,Alphons Capecchi
2834,Música para Plantas,24,Marcello Foconi
219831,Historia del Universo Paralelo,28,Susanna Berengario
240647,Biología Marina,24,Concetta Morosini
41702,Teoría Práctica,18,Elizabeth Fernandez
65822,Cocina Molecular,29,Odalys Joaquina Ayuso Cabeza
6235,Historia del Universo Paralelo,30,Bernabé Franco
44474,Turismo Espacial,29,Milena Salata
243417,Cocina Molecular,21,Rachel White
180373,Psicología Canina,27,Michela Cuzzocrea
48056,Teoría Práctica,23,Dott. Pietro Murri
231456,Psicología Canina,30,Dott. Elvira Vigliotti
47583,Biología Marina,20,Sebastiano Gramsci
151223,Psicología Canina,23,Leocadio Aparicio Estevez
187694,Biología Marina,25,Allegra Zacchia-Carriera
236786,Cocina Molecular,28,Ornella Barracco
236151,Cocina Molecular,28,Sig.ra Olga Rossellini
121624,Diseño de Moda Intergaláctica,29,Francisco Villalobos Estrada
125770,Teoría Práctica,24,Gioachino Procacci
88101,Biología Marina,29,Sig.ra Aurora Rossini
22978,Teoría Práctica,20,Marco Busoni
220403,Artes del Café,25,Panfilo Innocenti
239265,Filosofía Cuántica,20,Camilla Santorio
131656,Artes del Café,21,Danilo Zanzi
19339,Turismo Espacial,18,Robert Hernandez
64685,Música para Plantas,30,Rosina Boezio-Borromini
216506,Turismo Espacial,28,Jeffrey Moore
225583,Psicología Canina,30,Eva Balotelli
101774,Artes del Café,20,Larry Lee
71091,Teoría Práctica,21,Jonathan Henderson
93529,Cocina Molecular,26,William Stone
144861,Diseño de Moda Intergaláctica,21,Noelia Fábregas Quesada
132149,Filosofía Cuántica,20,Adriano Omma
115020,Turismo Espacial,30,Elmo Moresi-Bajardi
189989,Artes del Café,19,Sig. Tiziano Vanvitelli
18427,Turismo Espacial,18,Stefano Accardo
83988,Turismo Espacial,18,Wayne Larson
156595,Turismo Espacial,25,Merche Zamorano Landa
232481,Turismo Espacial,18,Flora de Miranda
135028,Artes del Café,19,Brian Ortiz
219867,Biología Marina,25,Eva María Vallejo Jover
235788,Historia del Universo Paralelo,20,Michael Hardin
154466,Psicología Canina,19,Celestina Cuenca Escrivá
80577,Historia del Universo Paralelo,24,Jonathan Miller
212503,Psicología Canina,23,Ugo Parri-Pisani
31989,Historia del Universo Paralelo,26,Lance Marshall
175994,Diseño de Moda Intergaláctica,30,Priscila Ribes Barreda
26375,Artes del Café,22,Nino Calbo
45593,Artes del Café,29,Michael Hickman
245019,Biología Marina,22,Baldomero Olivares Tamarit
213730,Música para Plantas,30,Uberto Jilani
218369,Música para Plantas,22,Benvenuto Trupiano
27594,Artes del Café,19,Atilio Almazán Salinas
66251,Psicología Canina,23,Concetta Opizzi
71533,Música para Plantas,28,Adrian Gay
69335,Turismo Espacial,19,Encarnación Juanita Ayuso Pou
159011,Biología Marina,26,Gabriel Harris
176335,Teoría Práctica,20,Fidela Sanjuan Arrieta
78542,Artes del Café,28,Roberto Solimena-Cutuli
210144,Historia del Universo Paralelo,29,Laura Trombetta
172007,Artes del Café,24,Danielle Alvarez
198890,Diseño de Moda Intergaláctica,28,Piedad Barceló Clavero
46107,Música para Plantas,27,Robert Campbell
182216,Teoría Práctica,27,Frank Gray
186174,Historia del Universo Paralelo,28,Alejandra Olmedo Aragonés
71543,Biología Marina,18,Isabella Costalonga
144319,Filosofía Cuántica,24,Omar Pareja Valenciano
116278,Filosofía Cuántica,27,Destiny Pennington
43248,Psicología Canina,19,Biagio Odescalchi-Papetti
249239,Cocina Molecular,21,Christina Mora
87933,Biología Marina,22,Lola de Espejo
145234,Filosofía Cuántica,19,Renata Cabañas Andrés
53019,Música para Plantas,28,Enzio Comencini-Bongiorno
207648,Historia del Universo Paralelo,18,Amor Estevez Vera
94503,Teoría Práctica,23,Ludovico Endrizzi
4417,Psicología Canina,30,Joshua Berry
30808,Diseño de Moda Intergaláctica,30,Veronica Tucker
41396,Cocina Molecular,25,Melissa Harris
188582,Música para Plantas,28,Evita Mínguez Nebot
6224,Filosofía Cuántica,29,Olivia Marianela Duque Ibarra
225119,Filosofía Cuántica,22,Maribel Navarrete Chico
189354,Biología Marina,22,Fiamma Bonatti
58082,Turismo Espacial,26,Michael Lam
88755,Biología Marina,24,Dott. Raffaello Franceschi
79362,Psicología Canina,22,Kelsey Hunt
123053,Filosofía Cuántica,19,Roman Porcellato
6700,Teoría Práctica,25,Aurelio Gil-Blázquez
175277,Música para Plantas,23,Joseph Johnson
65198,Historia del Universo Paralelo,19,Maria Brown
20569,Psicología Canina,27,Brian Hunt
237477,Psicología Canina,23,Matías Marcelo Luna Giménez
191938,Biología Marina,20,Emily Wilson
184294,Filosofía Cuántica,21,Daniel Kane
158432,Artes del Café,28,Catherine Green
131741,Filosofía Cuántica,22,Marcello Faggiani
196763,Cocina Molecular,18,Ariel Febe Lucas Villena
34039,Biología Marina,30,Dott. Enrico Muratori
52754,Diseño de Moda Intergaláctica,18,Chelo Arteaga Nadal
64857,Música para Plantas,19,Stephen Adkins
85565,Cocina Molecular,26,Gloria Infantino
118257,Artes del Café,26,Ludovico Borrani
190746,Psicología Canina,18,Torquato Ricci
176327,Cocina Molecular,24,Ciríaco Bonet Viana
156993,Cocina Molecular,29,Cleto Bejarano Pedrero
48571,Turismo Espacial,28,Bernabé Gonzalo Sáez
185059,Psicología Canina,23,Oreste Pozzecco-Pozzecco
94508,Historia del Universo Paralelo,18,Remedios Santiago
240732,Diseño de Moda Intergaláctica,30,Jonathan Anderson
169385,Turismo Espacial,21,Paola Scotti
77926,Artes del Café,20,Dr. Matthew Carter
156369,Cocina Molecular,22,Jason Walker
229742,Filosofía Cuántica,27,Deanna Dean
178473,Psicología Canina,30,Verónica Enríquez Ríos
238506,Filosofía Cuántica,29,Carina Puga Cáceres
41439,Historia del Universo Paralelo,18,Jessica Beard
199912,Cocina Molecular,18,Adán Rivas Hervás
226731,Filosofía Cuántica,19,Fito Pozuelo Ruano
107514,Cocina Molecular,19,Jill Dougherty
148971,Biología Marina,19,Noemí Sarabia Tomas
62931,Diseño de Moda Intergaláctica,23,Sig.ra Carolina Lopresti
10612,Cocina Molecular,25,Priscila Cervera Mas
152485,Teoría Práctica,19,Heather Church
221311,Historia del Universo Paralelo,25,Tina Archer
182769,Cocina Molecular,28,Soledad Linares Isern
5819,Psicología Canina,19,Heliodoro Téllez Carpio
154708,Psicología Canina,19,Amalia Guijarro Amo
214102,Psicología Canina,20,Roy Fisher
245672,Filosofía Cuántica,21,Ovidio Segarra Goicoechea
221730,Turismo Espacial,22,Robin Kim
9469,Historia del Universo Paralelo,29,John Rodriguez
166174,Historia del Universo Paralelo,26,Antonietta Coardi
6923,Música para Plantas,26,Mirco Anguissola
161764,Biología Marina,26,Etta Porcellato-Pisaroni
177948,Música para Plantas,19,Francisco Quirós Mayo
167327,Artes del Café,26,Carmina Bayón-Rivero
78033,Diseño de Moda Intergaláctica,19,Goffredo Antonucci-Scamarcio
188859,Historia del Universo Paralelo,30,Dora Herrera Franch
166650,Artes del Café,30,Jafet Jurado-Escribano
194833,Teoría Práctica,26,Sig.ra Simonetta Petruzzi
74800,Diseño de Moda Intergaláctica,20,Bernardita de Torre
167350,Historia del Universo Paralelo,26,Adamo Giannetti
203648,Filosofía Cuántica,28,Pío Marin Rivera
232652,Filosofía Cuántica,19,Diane Smith
156821,Psicología Canina,21,Paula Dawson
34490,Historia del Universo Paralelo,18,Román Martorell Macias
12193,Psicología Canina,27,Christopher Young
5946,Biología Marina,20,Fiorenzo Cherubini
205196,Diseño de Moda Intergaláctica,24,Teodora Carlos Prado
131058,Música para Plantas,26,Daniel Molins Garrido
45704,Psicología Canina,23,Kyle Warner
199829,Biología Marina,27,Gabriele Calbo
8997,Música para Plantas,24,Palmira Vara Pellicer
64529,Historia del Universo Paralelo,30,Marco Bembo-Falloppio
40533,Psicología Canina,24,Jose Miguel del Coronado
218758,Diseño de Moda Intergaláctica,26,Liliana Herrera Rodrigo
46399,Historia del Universo Paralelo,24,Emily Bryant
133943,Artes del Café,30,Jonathan Gonzalez PhD
73781,Filosofía Cuántica,26,Fiorenzo Tencalla
31116,Psicología Canina,20,Emilio Sandoval Naranjo
50505,Cocina Molecular,24,Nazaret Cadenas Oller
82275,Teoría Práctica,23,Marta Tagliafierro
3279,Biología Marina,28,Puccio Peano
172618,Psicología Canina,22,Melissa Erickson
185119,Filosofía Cuántica,25,Alessia Anastasi
221591,Teoría Práctica,25,Kevin Mclaughlin
196307,Artes del Café,30,Carmen Hernandez Mesa
173910,Diseño de Moda Intergaláctica,23,Dott. Loredana Acerbi
248202,Turismo Espacial,27,Pacífica Luna Verdú
205466,Historia del Universo Paralelo,18,Catherine Duncan
134181,Cocina Molecular,21,Sig. Enzo Calgari
128068,Biología Marina,19,Rolando Naccari-Fallaci
221405,Cocina Molecular,25,Paulino Pancho Hervia Zapata
235308,Filosofía Cuántica,26,Raffaella Gibilisco
222511,Cocina Molecular,30,Quirino Camps Abril
12454,Diseño de Moda Intergaláctica,26,Vittorio Iannelli
170251,Música para Plantas,26,Lisa Fields
177246,Psicología Canina,21,Ibán Fiol-Martín
40030,Música para Plantas,24,Godofredo Manso Posada
8411,Cocina Molecular,26,Deborah Hill
221808,Turismo Espacial,22,John Moreno
159073,Teoría Práctica,23,Brittany Vargas
21585,Turismo Espacial,21,David Buck
17210,Teoría Práctica,21,Teobaldo Bautista Pedrero
146673,Filosofía Cuántica,21,Santos Elías Tenorio
10124,Historia del Universo Paralelo,18,Jennifer Sanchez
154379,Cocina Molecular,26,Elvira Téllez Palomo
141941,Historia del Universo Paralelo,24,Andrew Robinson
239048,Filosofía Cuántica,18,Mr. Eric Cox
215351,Cocina Molecular,25,Tonia Ferrucci-Satriani
132933,Artes del Café,25,Aura Garmendia
92897,Psicología Canina,18,Fabia Corbo-Gaggini
154288,Psicología Canina,18,Bernabé Torrens Tena
88106,Psicología Canina,26,Shelby Cook
234788,Música para Plantas,25,Giuseppe Galuppi
8812,Cocina Molecular,24,Jason Medina
20076,Filosofía Cuántica,29,Montserrat Gallardo
114686,Historia del Universo Paralelo,21,Diana Naranjo Sanchez
114789,Turismo Espacial,28,Andrew Gonzalez
183168,Teoría Práctica,24,Ronald Sandoval
37619,Música para Plantas,27,Jessica Alvarez
78049,Artes del Café,28,Manuela Barragán Carrasco
92408,Música para Plantas,30,Adelasia Canevascini-Boccherini
222045,Artes del Café,29,Bonifacio Ángel Galván
35857,Biología Marina,28,Calista Roman Estevez
2699,Artes del Café,25,Shannon Bailey
234860,Turismo Espacial,23,Jeffrey Burton
232155,Biología Marina,27,Gioffre Pepe
162990,Artes del Café,28,Florencia Carmona Daza
103294,Artes del Café,29,Dott. Antonietta Bruscantini
136118,Cocina Molecular,21,Goyo Cuenca Bermejo
166043,Cocina Molecular,22,Ciriaco Galván Camps
151504,Cocina Molecular,21,Yvonne Sweeney
125631,Historia del Universo Paralelo,25,Máximo Aranda Méndez
8993,Artes del Café,27,Alyssa Murillo
131231,Cocina Molecular,30,Livia Emo
216586,Turismo Espacial,20,Scott Gonzales
47088,Cocina Molecular,18,Annunziata Costalonga
198175,Diseño de Moda Intergaláctica,26,Sig. Telemaco Galeati
133094,Historia del Universo Paralelo,24,Brandy Case
150446,Cocina Molecular,19,Joan Maestre-Gras
81878,Diseño de Moda Intergaláctica,21,Corey Nguyen
27550,Historia del Universo Paralelo,18,Dott. Ricciotti Cappelli
217037,Cocina Molecular,22,Sig. Arnulfo Moresi
48549,Turismo Espacial,29,Michael Carter
173479,Música para Plantas,22,Fredo Gentileschi
81636,Filosofía Cuántica,27,Julia Miller
132795,Diseño de Moda Intergaláctica,19,Danielle Phelps
3295,Teoría Práctica,25,Salvi Zacco-Sauli
174595,Turismo Espacial,29,Michael Jones Jr.
116287,Artes del Café,30,Natividad Malo Marin
210807,Teoría Práctica,18,Jose Martinez
170643,Biología Marina,20,Fausto Garibaldi
14733,Turismo Espacial,19,Timothy Choi
35864,Filosofía Cuántica,25,Kelly Larson
81723,Música para Plantas,26,Melissa Bartlett
43648,Teoría Práctica,28,Emma Govoni-Boccherini
210564,Artes del Café,29,Gianni Papetti
215464,Filosofía Cuántica,28,Toni Chaparro
225026,Historia del Universo Paralelo,29,Joseph Johnson
204065,Teoría Práctica,19,Monica Mancini
203268,Historia del Universo Paralelo,23,Tiffany Nguyen
114199,Cocina Molecular,20,Robert Ray
177860,Artes del Café,29,Lupe Prada
61492,Turismo Espacial,28,John Jennings
53442,Teoría Práctica,20,Ennio Beccaria
177518,Música para Plantas,22,Margherita Gradenigo
76699,Biología Marina,21,Daniel Craig
82592,Cocina Molecular,29,William Snyder
2844,Biología Marina,19,John Marquez
136283,Diseño de Moda Intergaláctica,26,Paca de Daza
93348,Psicología Canina,28,Dott. Antonello Iannotti
116119,Música para Plantas,30,Dott. Vanessa Terragni
163499,Biología Marina,23,Sig. Roberto Battelli
76846,Historia del Universo Paralelo,25,Sig.ra Tatiana Salata
84781,Diseño de Moda Intergaláctica,27,Vasco Pérez Puerta
64114,Diseño de Moda Intergaláctica,21,Santiago Ballester Gimeno
77232,Teoría Práctica,19,Dana Sanders
228599,Historia del Universo Paralelo,18,Roman Gonzaga-Abatantuono
26548,Filosofía Cuántica,22,Bianca Bompiani
235100,Psicología Canina,19,Christian Lee
8623,Historia del Universo Paralelo,20,Crystal Murphy
79340,Filosofía Cuántica,19,Melissa Cole
79828,Diseño de Moda Intergaláctica,29,Stephen Greene
185793,Teoría Práctica,19,Barbara Gualtieri
72458,Filosofía Cuántica,28,Annetta Badoer
175864,Biología Marina,28,Nicolò Alboni
94756,Música para Plantas,27,Elizabeth Ortega
82883,Turismo Espacial,22,Virginia Pacetti
70645,Diseño de Moda Intergaláctica,18,Amadeo Prada-Bruscantini
85259,Música para Plantas,23,Natividad Abellán Peral
180366,Artes del Café,18,Thomas Flynn
199140,Filosofía Cuántica,22,Annamaria Cerquiglini
102806,Cocina Molecular,25,Rosalia Tamburini-Mercati
200134,Biología Marina,23,Plinio de Córdoba
153385,Artes del Café,19,Cristina Montecchi
24398,Biología Marina,20,Pompeo Vivaldi
162061,Historia del Universo Paralelo,21,Zachary Martin
156289,Psicología Canina,28,Dott. Annetta Endrizzi
205169,Historia del Universo Paralelo,22,Casey Wells
86460,Turismo Espacial,27,Gilberto de Jordán
113935,Cocina Molecular,25,Steven Jackson
13390,Psicología Canina,24,Esther Segovia Esparza
33407,Teoría Práctica,19,Krystal White
220627,Filosofía Cuántica,26,Priscilla Respighi-Martucci
97967,Artes del Café,22,Johnny Glenn
28783,Artes del Café,30,Mariana de Ramírez
140963,Cocina Molecular,27,Perlita Lluch Valbuena
248154,Filosofía Cuántica,29,Gabriella Farina-Casini
208055,Psicología Canina,26,Carlo Goldstein
19101,Turismo Espacial,22,Gioffre Coardi
184227,Filosofía Cuántica,20,Camilo Ferrera Armas
239778,Diseño de Moda Intergaláctica,22,Evangelina Sevilla Tamarit
28438,Filosofía Cuántica,25,Lauretta Nosiglia
117872,Música para Plantas,23,Jolanda Balbo
175157,Artes del Café,23,Rachel Williams
119634,Biología Marina,28,Sarah Butler
200695,Turismo Espacial,20,Ovidio Gomila Palomar
58498,Filosofía Cuántica,25,Dott. Giacomo Tosi
247205,Música para Plantas,28,Thomas Munoz
131491,Biología Marina,21,Jose Miguel Caparrós Arenas
241242,Historia del Universo Paralelo,23,Saverio Lollobrigida
232773,Artes del Café,20,Josep Nicolás Barrera Ponce
134402,Psicología Canina,24,Leonor Sastre Armengol
238122,Teoría Práctica,18,Paco Gil Pacheco
222717,Psicología Canina,27,Steven Armstrong
213491,Psicología Canina,30,Rosalinda Lobato
62795,Música para Plantas,20,Ovidio Aroca-Romeu
47729,Cocina Molecular,21,Richard Powell
110222,Música para Plantas,23,Dante Pepe-Pagliaro
107824,Psicología Canina,18,Erika Angeli
55350,Diseño de Moda Intergaláctica,25,Hortensia Puig-Tamarit
195624,Música para Plantas,26,Ermanno Giorgetti
60594,Cocina Molecular,19,Benjamin Glover
132649,Teoría Práctica,30,Mónica de Coello
163949,Filosofía Cuántica,24,Mauricio Chacón-Amores
81850,Historia del Universo Paralelo,20,Michela Satta-Guidotti
193204,Cocina Molecular,21,Mr. John Beck
150818,Artes del Café,22,Michael Lamb
110578,Música para Plantas,22,Paoletta Pisani
203372,Artes del Café,28,Lodovico Gemito-Russo
166124,Artes del Café,30,Visitación Sedano Arranz
177314,Música para Plantas,25,Rachel Mitchell
22425,Historia del Universo Paralelo,29,Mrs. Rhonda Harris PhD
21654,Música para Plantas,20,Luciana Prada
137578,Psicología Canina,19,Keith Stark
61059,Cocina Molecular,27,Ludovica Gentilini
164885,Filosofía Cuántica,20,Dott. Priscilla Regge
2048,Artes del Café,29,Inmaculada Pedrosa Mayol
153730,Teoría Práctica,28,Clarisa Carbonell-Vigil
146665,Teoría Práctica,30,Jennifer Hess
222278,Artes del Café,29,Guillermo del Gomila
125043,Teoría Práctica,19,Pamela Wells
203703,Historia del Universo Paralelo,24,Nydia del Isern
232816,Psicología Canina,19,Mackenzie Padilla
237489,Biología Marina,26,Rosario Parejo Castilla
173279,Biología Marina,26,Reinaldo de Domingo
49022,Teoría Práctica,20,Aurora Cantero
55916,Filosofía Cuántica,20,Nicolas Martinez
238845,Turismo Espacial,24,Luigina Cocci
37718,Filosofía Cuántica,18,Donald Hobbs
246936,Historia del Universo Paralelo,19,Dott. Pierina Segrè
161374,Filosofía Cuántica,28,Bettina Mogherini
114577,Turismo Espacial,21,Augusto Vall Sevillano
201757,Música para Plantas,24,Ani Eli Folch Luján
221765,Biología Marina,24,John Morrison
30988,Artes del Café,20,Onofre de Nicolau
244369,Diseño de Moda Intergaláctica,29,Nicole Terry
44568,Psicología Canina,29,Eva Majewski
43606,Teoría Práctica,28,Julieta Olivia Sureda Ángel
36677,Teoría Práctica,19,Bernardo Varano
208608,Diseño de Moda Intergaláctica,25,Néstor Vera Chico
132541,Historia del Universo Paralelo,23,Arturo Marangoni
214632,Psicología Canina,30,Nacio Monreal Saavedra
127612,Historia del Universo Paralelo,18,Tania Galvez Delgado
142720,Diseño de Moda Intergaláctica,30,Daniel Antonio Ribera Verdú
159355,Diseño de Moda Intergaláctica,29,Amanda Hawkins
230024,Biología Marina,22,Dott. Silvia Gulotta
199978,Turismo Espacial,21,Loredana Tuzzolino
217805,Biología Marina,22,Julieta Vázquez
59361,Turismo Espacial,30,África del Aramburu
135496,Cocina Molecular,25,Ruggiero Giannotti-Emo
223931,Filosofía Cuántica,28,Gregory Moran
135079,Teoría Práctica,29,John Brown
217886,Turismo Espacial,20,Alejandro Montes-Santamaria
91869,Teoría Práctica,30,Felisa Vendrell
174167,Filosofía Cuántica,27,Amleto Ceri
161602,Artes del Café,21,Silvestro Comolli
38997,Cocina Molecular,29,Natalia Treves
109193,Psicología Canina,26,Dylan Evans
73076,Historia del Universo Paralelo,24,Calogero Turrini-Vendetti
156383,Historia del Universo Paralelo,22,Dott. Pasquale Balotelli
203130,Teoría Práctica,22,Azucena Román Torrecilla
232245,Psicología Canina,27,Carmelo Bembo
74712,Teoría Práctica,18,Pelayo Sáez Cepeda
114331,Historia del Universo Paralelo,27,Clímaco Lozano Arnal
179148,Psicología Canina,21,Luis Aznar Arévalo
95141,Psicología Canina,25,Ryan Werner
37535,Diseño de Moda Intergaláctica,19,Jaime del Mayoral
238756,Psicología Canina,20,David Villarreal
22209,Psicología Canina,19,Roy Robinson
63940,Biología Marina,20,Edoardo Romano
51247,Historia del Universo Paralelo,29,William Williams
246359,Filosofía Cuántica,28,Felipa Cortina-Gonzalez
133779,Filosofía Cuántica,25,Allen Deleon
57274,Historia del Universo Paralelo,28,Chase Montoya
247527,Música para Plantas,25,Liberto Zanzi
246166,Cocina Molecular,23,Miguel Kirby
73710,Turismo Espacial,28,Dulce Paredes Frías
126579,Artes del Café,26,Charo Sanchez Nieto
57877,Artes del Café,29,Susan Brown
120199,Artes del Café,26,Eutropio de Tur
209882,Historia del Universo Paralelo,20,Tammy Leon
51852,Teoría Práctica,26,Michael Miller
138340,Filosofía Cuántica,18,Pastora Cardona Arana
81466,Artes del Café,22,Mauro Pareto
105742,Turismo Espacial,22,Luz Barros Goñi
93347,Artes del Café,25,Maribel Blanca Roselló Benito
223889,Filosofía Cuántica,24,Chucho Fabregat Chaves
148787,Artes del Café,19,Sig. Atenulf Ossola
141393,Cocina Molecular,27,Mario Sánchez Cerdán
238970,Turismo Espacial,28,Lina Marinetti
244175,Artes del Café,24,Pomponio Cilea
43910,Música para Plantas,23,Sandra Sevilla Granados
83284,Historia del Universo Paralelo,20,Isa Giammusso
109207,Artes del Café,23,Sig.ra Liliana Samele
182475,Cocina Molecular,30,Dott. Tonino Bellini
39642,Turismo Espacial,26,Mrs. Christine Walton DDS
164403,Biología Marina,27,Isaac Jeremías Pareja Naranjo
152276,Diseño de Moda Intergaláctica,27,Jason Frost
155004,Diseño de Moda Intergaláctica,20,Jacinta de Bayón
138403,Diseño de Moda Intergaláctica,18,Priscilla Juvara
13515,Diseño de Moda Intergaláctica,29,Sig. Michelotto Valentino
198406,Psicología Canina,28,Lara Bertoli-Monaco
179735,Filosofía Cuántica,30,John Freeman
56363,Historia del Universo Paralelo,20,Logan Soto
129454,Música para Plantas,18,Ruggiero Vitturi
169312,Artes del Café,20,Cloe Tejada Carvajal
4326,Turismo Espacial,24,Dott. Lolita Anguissola
163581,Psicología Canina,18,John Oliver
99104,Música para Plantas,21,Martina Cilibrasi
224108,Psicología Canina,25,Sig.ra Morena Ostinelli
13737,Artes del Café,24,Luisa Tur
175337,Teoría Práctica,20,Brenda Serrano
245155,Teoría Práctica,29,Gianni Scaduto
218488,Música para Plantas,30,Priscila de Bustos
197026,Cocina Molecular,19,Marcella Stradivari
219718,Historia del Universo Paralelo,18,Sole Pedroni
145429,Diseño de Moda Intergaláctica,30,Jennifer Larson
249298,Diseño de Moda Intergaláctica,30,Geronimo Petrucelli
225084,Psicología Canina,25,Isa Turrini
191784,Historia del Universo Paralelo,29,Sig. Ubaldo Errigo
12554,Turismo Espacial,28,Kathy Bowman
86589,Turismo Espacial,22,Arnulfo Staglieno
49329,Biología Marina,22,Georgina Íngrid Arjona Aller
123568,Biología Marina,22,Che Reig Bautista
163663,Filosofía Cuántica,20,David Lee
192777,Historia del Universo Paralelo,22,Felipe Ferrán Osuna
169790,Teoría Práctica,29,Renee Barrett
248295,Cocina Molecular,21,Donatello Fantini
205749,Artes del Café,20,Geraldo Ledesma Pellicer
133191,Música para Plantas,23,Tere Solera-Vilar
21970,Cocina Molecular,26,Fabio Sbarbaro
147793,Música para Plantas,20,Fabiola Galvez Jordán
224955,Artes del Café,27,Sig. Enrico Tonisto
128620,Diseño de Moda Intergaláctica,26,Noah Francis
150054,Psicología Canina,20,Jasmine Smith
135823,Filosofía Cuántica,27,Olivia Rubio Coronado
19591,Filosofía Cuántica,30,Octavio Bernad Pintor
43591,Artes del Café,24,Dott. Lazzaro Donatoni
211278,Cocina Molecular,21,Margherita Surian-Vanvitelli
243517,Diseño de Moda Intergaláctica,30,Noemí Olmedo Hoyos
80062,Psicología Canina,19,Chema Hoyos-Arjona
9131,Cocina Molecular,23,Debra Bush
115918,Historia del Universo Paralelo,18,Patricia Smith
230062,Cocina Molecular,30,Ashley Hall
52976,Filosofía Cuántica,23,Máxima Melero Arnaiz
155234,Artes del Café,24,Esmeralda Pinto
200606,Diseño de Moda Intergaláctica,29,Pánfilo Llanos Uribe
89739,Historia del Universo Paralelo,18,Bernarda Nevado Fortuny
229246,Psicología Canina,21,Renata Papafava
2611,Música para Plantas,25,Manuel Broggini-Garobbio
26026,Turismo Espacial,19,Paolo Piane
131976,Biología Marina,26,Sig.ra Ramona Bodoni
433,Biología Marina,27,Manu Sales Baena
56633,Música para Plantas,18,Amy Wilson
184345,Artes del Café,28,Hernando Viñas Arce
151885,Historia del Universo Paralelo,28,Judith Tur-Tello
218691,Filosofía Cuántica,21,Gianluca Vecoli
220669,Historia del Universo Paralelo,27,Baldomero Artigas-Arias
133057,Historia del Universo Paralelo,26,Sig.ra Gloria Chiaramonte
19038,Teoría Práctica,23,Genoveva Belda Julián
153783,Filosofía Cuántica,22,Leah Blankenship
9014,Diseño de Moda Intergaláctica,23,Melisa del Pino
198134,Teoría Práctica,19,Joy Long
67717,Filosofía Cuántica,18,Dott. Maria Gemito
42158,Artes del Café,23,Luigi Nitti
154185,Turismo Espacial,26,Sig. Guido Bondumier
82969,Diseño de Moda Intergaláctica,24,Alexander Wang
209128,Música para Plantas,23,Donatella Broggini
179255,Música para Plantas,24,Lisa Watson
63398,Psicología Canina,19,Sig.ra Sylvia Piazzi
178954,Diseño de Moda Intergaláctica,29,Gelsomina Redi
62643,Biología Marina,21,Brenda Todd
226941,Turismo Espacial,20,Dimas Nieto Paz
209570,Cocina Molecular,27,Renzo Tarantino
157169,Teoría Práctica,25,Lucila Carrera-Puente
222335,Filosofía Cuántica,29,Maurizio Verri-Ciampi
91675,Artes del Café,19,Gil Ernesto Hernández Santos
141738,Filosofía Cuántica,28,Michael Mathews
133258,Filosofía Cuántica,21,Barbara Olson
68912,Filosofía Cuántica,19,Galo del Ricart
4715,Cocina Molecular,28,Dr. Edward Mora
13902,Artes del Café,26,Shane Turner
122242,Música para Plantas,18,Stacy Phillips
96076,Psicología Canina,29,Raffaellino Tagliafierro
67087,Cocina Molecular,30,Loreto Rosa Vicente
177600,Diseño de Moda Intergaláctica,23,Giuseppe Antonelli
84069,Diseño de Moda Intergaláctica,20,Ximena Aura Ortiz Armengol
153268,Diseño de Moda Intergaláctica,20,Fernando Infante-Castilla
144812,Historia del Universo Paralelo,20,Godofredo Méndez Pérez
23778,Historia del Universo Paralelo,24,Lauren Combs
155554,Turismo Espacial,26,Hilario Parra Lladó
4363,Turismo Espacial,25,Primitivo Leon Tudela
2555,Turismo Espacial,30,Alejandra Ordóñez Echeverría
1594,Historia del Universo Paralelo,20,Licia Solari
48562,Teoría Práctica,26,Edelmiro Casares
240992,Cocina Molecular,18,Alfredo Tomas Andrade
44487,Diseño de Moda Intergaláctica,23,Carlo Broggini-Bernini
15530,Cocina Molecular,22,Susanna Villadicani
197468,Diseño de Moda Intergaláctica,28,Nicolò Bacosi
168328,Turismo Espacial,24,Salvi Bodoni
142229,Cocina Molecular,21,Beatrice Argento
107467,Cocina Molecular,26,Cecilio Perera Novoa
168125,Música para Plantas,19,Steve Dominguez
201519,Turismo Espacial,26,Edelmiro Carnero
219277,Cocina Molecular,21,Jose Carlos Marí Ferrán
72769,Diseño de Moda Intergaláctica,28,Emily Mathis
59094,Música para Plantas,21,Anastasia Ballesteros Villalonga
92629,Cocina Molecular,22,Yago Hernandez Jáuregui
228872,Turismo Espacial,27,Ariel Cepeda Mate
175394,Turismo Espacial,30,Darrell Bryant
129521,Teoría Práctica,19,Garrett Smith
199537,Diseño de Moda Intergaláctica,19,Nieves del Ramos
36963,Teoría Práctica,23,Omar Martorell
105643,Cocina Molecular,19,Almudena de Tejedor
123359,Turismo Espacial,21,Nilda Castañeda Gisbert
22007,Turismo Espacial,25,Roberta Vivaldi-Cantimori
21099,Música para Plantas,19,Dora de Samper
100262,Artes del Café,19,Raffaello Barcaccia
220363,Historia del Universo Paralelo,19,William Sellers
147434,Biología Marina,29,Domitila Miró Barrios
52016,Teoría Práctica,22,Paco Leonardo Cobo Vilaplana
213231,Artes del Café,20,Toni Tuzzolino
175012,Filosofía Cuántica,30,Jordán Gámez Miranda
220911,Psicología Canina,24,Emma Oconnor
41049,Diseño de Moda Intergaláctica,20,Jennifer Johnson
205766,Música para Plantas,18,Melissa Marshall
176268,Cocina Molecular,25,Jordán Plana Cabello
132791,Turismo Espacial,30,Camillo Anichini
39998,Cocina Molecular,23,Ruggiero Porcellato-Calgari
104091,Música para Plantas,18,Elvira Segovia-Revilla
87614,Teoría Práctica,22,Lisa Tate
227587,Psicología Canina,27,Tadeo Ordóñez
241739,Psicología Canina,30,Saturnina Bas Calzada
205577,Música para Plantas,18,Melissa Butler
59725,Turismo Espacial,26,Alberto Vianello
68880,Diseño de Moda Intergaláctica,28,Isidoro Osorio Conde
86733,Filosofía Cuántica,28,Terry Chase
29767,Teoría Práctica,28,Gionata Alonzi
125799,Diseño de Moda Intergaláctica,27,Bruno Berrè
140349,Psicología Canina,28,Adelardo Corbacho Izaguirre
219432,Biología Marina,22,Leire Aliaga
228234,Turismo Espacial,24,Stephen Waters
6445,Biología Marina,26,Melinda Short
107784,Psicología Canina,29,Sig. Temistocle Lombardi
161106,Teoría Práctica,23,Pepita Adán Cervantes
213115,Historia del Universo Paralelo,25,Nidia Asensio Bas
149760,Biología Marina,21,Juan Pablo Llamas Vázquez
106860,Psicología Canina,29,Micheletto Palmisano
66201,Historia del Universo Paralelo,23,Antonio Herranz Madrigal
94564,Teoría Práctica,27,Vinicio Flor Armengol
160910,Artes del Café,24,Russell Garcia
235447,Filosofía Cuántica,19,Scott Little
234844,Psicología Canina,26,Robert Herrera
49725,Psicología Canina,30,Robyn Mendez
29097,Biología Marina,22,Elijah Martinez
36054,Cocina Molecular,19,Lazzaro Liverotti-Iannotti
148258,Artes del Café,27,Michael Henry
165019,Turismo Espacial,21,Alexis Rodriguez
32460,Música para Plantas,28,Manolo Torrens
20579,Diseño de Moda Intergaláctica,30,Sig. Marcello Interiano
170680,Cocina Molecular,21,Heather Day
65179,Cocina Molecular,25,Anabel Sanmiguel
232233,Historia del Universo Paralelo,18,Nicole Wolfe
53599,Historia del Universo Paralelo,27,Marcus Butler
217228,Música para Plantas,22,Graziano Pininfarina
130306,Historia del Universo Paralelo,28,Piero Tomaselli-Bocelli
103006,Historia del Universo Paralelo,30,Carmen Moraleda-Muñoz
67805,Historia del Universo Paralelo,19,Melody Floyd
167671,Historia del Universo Paralelo,22,James Gomez
40867,Diseño de Moda Intergaláctica,24,Dott. Dina Scaduto
107221,Música para Plantas,24,Lando Spinola
69662,Diseño de Moda Intergaláctica,30,Sole Marzorati
79020,Teoría Práctica,24,Julio César Saldaña Valenciano
161294,Historia del Universo Paralelo,19,Abigaíl Saavedra-Tenorio
214281,Filosofía Cuántica,22,Dolores Pelli
4940,Turismo Espacial,28,Antonio Nilo Pujadas Navarrete
52308,Filosofía Cuántica,18,Ermanno Binaghi-Jilani
134038,Artes del Café,21,Gustavo Ulises Tolosa Menendez
65943,Turismo Espacial,26,Marcia Cuervo Mulet
115284,Música para Plantas,20,Edu Costa Cadenas
232593,Filosofía Cuántica,18,Loreto Milla-Sáez
42663,Música para Plantas,23,Christopher Brown
15737,Historia del Universo Paralelo,27,Jonathan Brown
118743,Artes del Café,20,Emiliano Arribas Olmo
97976,Psicología Canina,27,Licia Pigafetta-Maggioli
228909,Teoría Práctica,21,Blas Félix Dávila Priego
58264,Biología Marina,27,Diane Sanchez
214421,Música para Plantas,27,Robert Vaughn
169587,Teoría Práctica,22,Michaela Walker
149956,Artes del Café,20,Alisha Bartlett
90866,Artes del Café,30,Ottavio Rubbia-Smirnoff
73864,Cocina Molecular,24,Eleanora Cardano
203321,Diseño de Moda Intergaláctica,22,Erika Davis
19223,Biología Marina,25,Matilda Terragni
106029,Diseño de Moda Intergaláctica,24,Carl Humphrey
233682,Cocina Molecular,24,Ezequiel Morell Gálvez
22268,Artes del Café,22,Eugenia Verdú Cabello
144932,Historia del Universo Paralelo,19,Íngrid Verdugo Puerta
139682,Psicología Canina,21,Leonardo Sokolov
200792,Diseño de Moda Intergaláctica,20,Raffaello Baresi
67061,Turismo Espacial,29,Simone Cesaroni
200485,Historia del Universo Paralelo,23,Calixto Franco
182340,Diseño de Moda Intergaláctica,26,Cristina María Pilar Ángel Sobrino
140387,Diseño de Moda Intergaláctica,26,Brenda Perry
151565,Diseño de Moda Intergaláctica,19,Christopher Thomas
156240,Turismo Espacial,25,Víctor Granados Mayoral
195372,Diseño de Moda Intergaláctica,27,Graziella Fantini
41721,Música para Plantas,24,Lucia Mezzetta
210769,Filosofía Cuántica,24,Ilaria Giunti
51527,Diseño de Moda Intergaláctica,26,Adolfo León-Malo
19001,Diseño de Moda Intergaláctica,18,Lisa Torres
69725,Cocina Molecular,21,Barbara Balbo
221203,Psicología Canina,25,Nicoletta Ritacca-Scalfaro
31981,Teoría Práctica,28,Flavio Basadonna
122543,Filosofía Cuántica,27,Lori Bates
243440,Cocina Molecular,21,Natividad Sabina Llorens Rivero
16223,Historia del Universo Paralelo,27,Erik Lopez
13092,Psicología Canina,23,Sig.ra Milena Interiano
220114,Música para Plantas,24,Wendy Turner
229736,Filosofía Cuántica,20,Dott. Serena Venturi
98442,Música para Plantas,21,Pablo Simó
92083,Psicología Canina,21,Pellegrino Panzera
112109,Filosofía Cuántica,27,Benigna Bas
4228,Artes del Café,24,Nicanor Luís Redondo
135415,Teoría Práctica,22,Erik Bond
205848,Diseño de Moda Intergaláctica,30,James Walker
65665,Biología Marina,20,Marta Jaén Cordero
212775,Psicología Canina,25,David Greene
158478,Turismo Espacial,23,Bautista Patiño Caro
107809,Diseño de Moda Intergaláctica,22,Barbara Moore
244579,Filosofía Cuántica,27,Micaela Macías Méndez
58479,Cocina Molecular,26,Andrés Felipe Uría Valcárcel
209116,Cocina Molecular,28,Jason Lee
115786,Filosofía Cuántica,18,Cruz Pablo Carrasco
42377,Filosofía Cuántica,30,Angelica Tonisto
86316,Cocina Molecular,20,Michael Kelley
191876,Biología Marina,28,Corrado Solimena
184110,Turismo Espacial,27,Arthur Cummings
88346,Filosofía Cuántica,28,Antonina Leopardi
129721,Psicología Canina,27,Ronaldo Turrini
230346,Turismo Espacial,26,Barbara Bataglia
152295,Psicología Canina,26,Holly Scott
92449,Turismo Espacial,20,Sandra Arcos Durán
3528,Teoría Práctica,30,Luís Cabello Barros
1767,Teoría Práctica,28,Kristen Cochran MD
74950,Psicología Canina,18,Diana Williams
130876,Biología Marina,26,Vincenza Turrini
130518,Música para Plantas,24,Casandra Cantero Iglesia
65063,Historia del Universo Paralelo,22,Sig. Roberto Tommaseo
154071,Historia del Universo Paralelo,21,Reynaldo Niño Osuna
167552,Música para Plantas,22,Jonathon Dickson
75636,Filosofía Cuántica,18,Jesse Watts DDS
203474,Música para Plantas,19,Griselda Andreotti
176085,Música para Plantas,26,Shawn Avila
95402,Cocina Molecular,25,Baldomero de Morera
97843,Cocina Molecular,26,Herberto Amor Pintor Lasa
37796,Historia del Universo Paralelo,25,Gianni Guicciardini
234162,Psicología Canina,22,Gianluca Vendetti
13643,Historia del Universo Paralelo,24,Dott. Melissa Ceravolo
46135,Diseño de Moda Intergaláctica,19,Jimmy Wells
101387,Teoría Práctica,23,Griselda de Bayona
200515,Cocina Molecular,27,Ildefonso Jerez Iriarte
186454,Diseño de Moda Intergaláctica,23,Paola Gianinazzi-Pratesi
36483,Artes del Café,19,Faith Henderson
65502,Teoría Práctica,28,Berenice Crispi
71325,Filosofía Cuántica,24,Valentina Belletini
173565,Teoría Práctica,30,Christopher Snyder
193098,Teoría Práctica,25,Jill Smith
82297,Historia del Universo Paralelo,18,Mark Perez
146944,Música para Plantas,21,Eva María Aguiló Cózar
168019,Filosofía Cuántica,20,Coluccio Staglieno
119175,Historia del Universo Paralelo,19,Albano Cardona
234696,Turismo Espacial,27,Andrea Reeves
206333,Filosofía Cuántica,22,Sigfrido Arroyo Rovira
239255,Artes del Café,22,Carla Papetti
164338,Turismo Espacial,28,Salomé Posada Ribas
140176,Música para Plantas,27,Marcial Múgica Oliva
91062,Biología Marina,29,Diana Johnson
154167,Filosofía Cuántica,19,Timothy Curtis
222684,Artes del Café,27,Ruperta Arteaga Campo
126771,Diseño de Moda Intergaláctica,21,Ronald White
15717,Artes del Café,25,Matthew Johnson
195787,Cocina Molecular,28,Lando Bartoli-Errani
160980,Cocina Molecular,19,Eli Enríquez Giner
30521,Historia del Universo Paralelo,24,Humberto Nazario Hervás Morcillo
32368,Artes del Café,22,Durante Cassarà
150826,Música para Plantas,18,Dott. Dante Bondumier
36733,Psicología Canina,19,Serafina Caffarelli
25316,Turismo Espacial,24,Anita Medina
75643,Historia del Universo Paralelo,25,Sig. Ettore Anastasi
209805,Historia del Universo Paralelo,21,Raúl Heredia Goñi
66777,Filosofía Cuántica,20,Michelangelo Sokolov-Cibin
216658,Biología Marina,22,Rosa Bernardini
100512,Filosofía Cuántica,25,Julia Brown
224024,Biología Marina,20,Bettina Bottaro
215860,Artes del Café,21,Tony Clark
235575,Filosofía Cuántica,27,Leonel Santiago Benavides Jaén
94237,Filosofía Cuántica,21,Deborah Orozco
34263,Música para Plantas,28,Paul Sims
101519,Artes del Café,30,Bonnie Lee
192983,Diseño de Moda Intergaláctica,23,Teresa Morandi
117663,Artes del Café,23,Eliseo Silva
149029,Psicología Canina,18,Ettore Giannuzzi
55756,Teoría Práctica,27,Rosa Echevarría Lerma
229705,Biología Marina,29,Josefa Melania Alba Jerez
246685,Artes del Café,29,Primitivo Pavón Calleja
149434,Biología Marina,26,Berta Gálvez-Gimenez
224191,Historia del Universo Paralelo,21,Ippazio Amaldi
141296,Filosofía Cuántica,20,Anthony Smith
67209,Historia del Universo Paralelo,18,David Young
65393,Artes del Café,22,Eva Mena Belmonte
25829,Diseño de Moda Intergaláctica,28,Trinidad Girona Larrañaga
64841,Música para Plantas,25,Charles Anderson
166310,Teoría Práctica,27,Karen Rodriguez
246277,Artes del Café,27,Shannon Ward
15637,Historia del Universo Paralelo,28,Primitiva de Costa
26494,Artes del Café,20,Jenny Tapia
21428,Historia del Universo Paralelo,21,Paulina Barreda Juliá
239197,Música para Plantas,25,Arnaldo Zarlino
23286,Turismo Espacial,29,Daniel Bryant
17375,Artes del Café,26,Jordan Hughes
45249,Teoría Práctica,20,Fiorenzo Gigli
73968,Biología Marina,23,Nathan Jimenez
100030,Psicología Canina,20,Tatiana Cesarotti
158467,Artes del Café,18,María Teresa Montserrat Pozo
247925,Artes del Café,24,Bianca Monteverdi
213834,Filosofía Cuántica,23,Prudencia Manjón Robles
27010,Cocina Molecular,18,Jeremy Wilcox
2253,Historia del Universo Paralelo,21,Matthew Long
233644,Música para Plantas,28,Robert Baker
209043,Psicología Canina,30,Henry Mercado
122619,Historia del Universo Paralelo,20,Eliana Solera Jove
52241,Diseño de Moda Intergaláctica,21,Olalla Haydée Madrigal Contreras
134712,Teoría Práctica,25,Marta Dueñas
51359,Psicología Canina,23,Sophia Abate-Baroffio
123207,Diseño de Moda Intergaláctica,29,Ximena Zapata Crespo
211553,Biología Marina,22,Marta Ramírez Marti
202751,Filosofía Cuántica,30,Zachary Lyons
79129,Historia del Universo Paralelo,25,Mariano Jódar Pavón
156855,Biología Marina,30,Jose Miguel Fabregat Roca
85059,Historia del Universo Paralelo,28,Sig.ra Rita Metella
210202,Cocina Molecular,27,Zaida Valenciano Ayuso
183061,Teoría Práctica,29,Gabriele Biagi
229513,Turismo Espacial,24,Heather Chang
12835,Cocina Molecular,21,Alina Pontecorvo
207707,Historia del Universo Paralelo,18,David Sutton
83071,Biología Marina,19,Betty Miller MD
102769,Psicología Canina,22,Maximino Real Noriega
181717,Teoría Práctica,29,Mark Rose
207024,Biología Marina,28,Dora Casas Vilaplana
55797,Artes del Café,26,Tina Giannuzzi
181069,Diseño de Moda Intergaláctica,25,Annette Martinez
130146,Música para Plantas,26,Javiera Tomás-Gutierrez
97027,Filosofía Cuántica,20,Joseph Castro
57412,Artes del Café,23,John Mcgrath
82331,Turismo Espacial,19,Antonello Venturi
47565,Biología Marina,21,Donatella Collodi
74238,Biología Marina,27,Gala Requena Torrents
221759,Teoría Práctica,29,Heraclio Clemente-Ojeda
117561,Cocina Molecular,24,Alessia Antonacci
5433,Artes del Café,25,Norberto de Bermudez
116659,Diseño de Moda Intergaláctica,24,Chita López Baños
169229,Biología Marina,24,Robert Fisher
210871,Biología Marina,19,Amarilis Haro-Miró
198203,Psicología Canina,23,Jamie Jenkins
133724,Teoría Práctica,26,Emily Guerra
32924,Biología Marina,30,Yago Elorza Barberá
156522,Biología Marina,26,Cayetano Bauzà
184146,Teoría Práctica,24,Ninetta Piacentini
189377,Turismo Espacial,22,Orlando Scaduto
189256,Cocina Molecular,26,Savannah Ballard
50237,Historia del Universo Paralelo,22,Michela Camilleri
211742,Cocina Molecular,26,Sabrina Brown
161584,Turismo Espacial,23,Pina Benedetti
82353,Diseño de Moda Intergaláctica,21,Amy Phillips
49063,Diseño de Moda Intergaláctica,28,Adelmo Emanuelli
161315,Cocina Molecular,25,Erin Nelson
211522,Cocina Molecular,24,Ainara Valbuena Comas
84344,Biología Marina,24,Antonello Tanzini
238171,Artes del Café,29,Benigno Cuéllar
73262,Psicología Canina,22,Joaquina Acedo-Carrión
77206,Artes del Café,24,Robert Russell
193918,Biología Marina,22,Paul Reyes
164769,Psicología Canina,20,Drew Harper
114246,Cocina Molecular,22,Katherine Little
136789,Turismo Espacial,22,Michael Allen
93030,Historia del Universo Paralelo,26,Ruth Henderson
97263,Artes del Café,18,Derrick Nolan
143822,Música para Plantas,18,Anthony Griffin
172757,Biología Marina,29,Balduino Mateo Valentín
200619,Turismo Espacial,20,Melissa Tasca
141261,Historia del Universo Paralelo,19,Vanessa Cibin
183165,Cocina Molecular,18,Aníbal Soler Gibert
194973,Filosofía Cuántica,27,Heather Fisher
86625,Artes del Café,26,Alessandro Condoleo-Prodi
245306,Turismo Espacial,26,Fabrizia Loredan
52012,Biología Marina,18,Vittorio Ungaretti
4672,Artes del Café,22,Dionisio Sans-Pujadas
230430,Historia del Universo Paralelo,26,Dott. Ruggiero Cendron
241949,Artes del Café,21,Isa Brugnaro
111878,Música para Plantas,27,Ivo Camilleri
98525,Diseño de Moda Intergaláctica,21,Sheila Hoover
59793,Teoría Práctica,23,Alonso Figueroa-Carrasco
108484,Música para Plantas,19,Martina Celentano
172670,Biología Marina,27,Dott. Pierangelo Iadanza
240406,Teoría Práctica,23,Gastone Pizzamano
104428,Psicología Canina,22,Fabia Cerquiglini
239565,Historia del Universo Paralelo,27,Charles Lane
112185,Biología Marina,28,Francesco Gozzano
28472,Biología Marina,19,Espiridión Porcel Sáenz
175260,Historia del Universo Paralelo,30,Tito Cal Bejarano
43912,Música para Plantas,21,Sandro Malaparte
10114,Psicología Canina,23,Sig. Guido Abba
26678,Música para Plantas,28,Ainara Blasco Talavera
85255,Música para Plantas,26,Kim Jackson
67253,Filosofía Cuántica,24,Cody Lee
71080,Cocina Molecular,29,Dott. Federica Boito
235412,Música para Plantas,30,Ciriaco Garriga Quero
237371,Biología Marina,21,Raimondo Russo
225227,Diseño de Moda Intergaláctica,19,Yago Muro Mena
116830,Turismo Espacial,24,Rosina Cuomo
130080,Artes del Café,22,Santiago Duque Alcolea
76924,Biología Marina,19,Domenico Zetticci-Staglieno
205044,Música para Plantas,30,Guillermo Heriberto Vicens Mendoza
213071,Teoría Práctica,23,David Davies
3621,Historia del Universo Paralelo,24,Eleanora Duse
37309,Filosofía Cuántica,24,Matthew English
157280,Biología Marina,30,Fidel Saavedra-Piquer
37383,Artes del Café,28,Robert Melton
37095,Psicología Canina,30,Jennifer Cummings
26638,Historia del Universo Paralelo,25,James Martin
84016,Cocina Molecular,20,Régulo Marin López
133359,Historia del Universo Paralelo,22,Gianluca Maggioli
187163,Música para Plantas,21,Loreto Montserrat Peñas
171159,Artes del Café,25,Angela Anderson
179111,Diseño de Moda Intergaláctica,27,Jill Allen
145037,Cocina Molecular,20,Jeanette Marsh
201383,Música para Plantas,21,Reina Arias Quintero
163616,Cocina Molecular,30,Lisa Peck
174836,Historia del Universo Paralelo,30,Raymond Blair
80764,Turismo Espacial,25,Albino de Fuertes
180054,Filosofía Cuántica,25,Marta Casas España
40329,Historia del Universo Paralelo,27,Crescencia Arjona Escribano
226297,Artes del Café,25,Kelsey Green
118928,Psicología Canina,24,Matilda Verdi
66022,Turismo Espacial,27,Samanta Gracia Arellano
145194,Diseño de Moda Intergaláctica,26,Lee Bray
114399,Psicología Canina,18,Dott. Cristina Migliaccio
124348,Cocina Molecular,25,John Mills
187068,Música para Plantas,23,Rebecca Myers
7381,Psicología Canina,30,Andrew Reeves
40372,Artes del Café,28,Alessandro Manunta
5049,Historia del Universo Paralelo,27,Herberto Rios
232253,Biología Marina,28,Aria Pontecorvo
71418,Turismo Espacial,19,Mike Sullivan
195495,Biología Marina,20,Carlos Perez
48181,Turismo Espacial,28,Lindsay Delgado
60513,Historia del Universo Paralelo,29,Hector de Huerta
232201,Biología Marina,22,Bernardo Puglisi
33907,Música para Plantas,28,Gianluigi Fantini
188536,Artes del Café,26,Natalia Serrano
30890,Historia del Universo Paralelo,25,Flavio Camanni
122808,Turismo Espacial,24,Ippazio Agostinelli
64534,Música para Plantas,22,Clelia Zaccagnini
234084,Artes del Café,23,Nicole Luna
211995,Filosofía Cuántica,19,Robert Brooks
215263,Biología Marina,20,Nicoletta Martucci
98872,Artes del Café,28,Giacomo Giammusso
9616,Psicología Canina,26,Dorita Murillo Álamo
240654,Historia del Universo Paralelo,23,Fausto Leblanc
222545,Filosofía Cuántica,29,Hugo Mazzacurati-Gadda
72177,Teoría Práctica,24,Annalisa Armani
33514,Diseño de Moda Intergaláctica,19,Tito Carvajal Marin
33426,Historia del Universo Paralelo,25,Godofredo Tejada-Benito
176433,Teoría Práctica,23,Roxana Castillo-Izquierdo
243568,Teoría Práctica,25,León Pinto Tejero
21978,Psicología Canina,23,Lisa Ricolfi
234619,Historia del Universo Paralelo,26,Eleanora Togliatti
47494,Psicología Canina,22,Dott. Fabia Pavarotti
224031,Cocina Molecular,20,Dott. Marcella Rinaldi
10101,Filosofía Cuántica,21,Aníbal Moisés Márquez Seguí
137904,Teoría Práctica,29,Austin Johnson
116910,Historia del Universo Paralelo,29,Dott. Amalia Onisto
37888,Biología Marina,18,Tammy Harrington
45907,Cocina Molecular,20,Benjamin Allen
59309,Psicología Canina,28,Sig. Gioachino Fabrizi
195596,Teoría Práctica,21,Isa Antón Lago
87007,Psicología Canina,30,Alexis Ashley
48293,Filosofía Cuántica,26,Mirta Rovira Otero
87557,Biología Marina,21,David Estrada
28552,Historia del Universo Paralelo,28,Emily Lozano
18524,Psicología Canina,18,Bianca Dalton
128298,Música para Plantas,25,Ronald Morgan
78328,Historia del Universo Paralelo,25,Alberico Iannotti
156615,Historia del Universo Paralelo,23,Christopher Jones
217594,Historia del Universo Paralelo,22,Cassandra Jensen
179748,Biología Marina,27,Claudio Canova
8182,Biología Marina,21,Isaac Melero Iñiguez
210465,Filosofía Cuántica,18,Mark Nielsen
181118,Diseño de Moda Intergaláctica,26,Ugo Spinelli
147464,Teoría Práctica,18,Linda Schmitt
197166,Psicología Canina,19,Giuliano Baglioni
162429,Diseño de Moda Intergaláctica,24,Dennis Schwartz
161744,Filosofía Cuántica,29,Antonino Borzomì-Lamborghini
11838,Música para Plantas,27,Hunter Greer MD
105868,Filosofía Cuántica,26,Greca Antonini-Nibali
91424,Turismo Espacial,27,Jennifer Gardner
133782,Psicología Canina,29,Kathy Martinez
167309,Biología Marina,22,Kimberly Rivera
10641,Biología Marina,24,Andrea Gual Tejedor
27933,Artes del Café,25,James Riley
148326,Diseño de Moda Intergaláctica,25,Veronica Mitchell
50990,Psicología Canina,29,Elisa Albertini-Ughi
75050,Psicología Canina,19,Toño Casanovas Caro
28088,Historia del Universo Paralelo,27,Abigail Joyce
15608,Psicología Canina,24,John Paul
128330,Psicología Canina,23,Yolanda Pinedo
240464,Artes del Café,20,Perla Macias Infante
226235,Artes del Café,18,Maximiliano de Busquets
25214,Psicología Canina,24,Sig.ra Luciana Nugnes
35413,Diseño de Moda Intergaláctica,18,Eutropio Varela Acevedo
177308,Cocina Molecular,24,Casandra Mariscal Artigas
240261,Diseño de Moda Intergaláctica,22,Romeo Toscani
132800,Filosofía Cuántica,30,Cristóbal Román Méndez
242975,Diseño de Moda Intergaláctica,26,Reyes Cid-Pineda
151517,Artes del Café,18,Robert Brown
134811,Filosofía Cuántica,29,Carrie Peters
148242,Turismo Espacial,27,Vera Portero Bartolomé
204514,Cocina Molecular,22,Pierpaolo Carosone
30178,Turismo Espacial,18,Cirino Acedo Dueñas
107127,Turismo Espacial,24,Bernardo Montanariello
45429,Biología Marina,25,Gianna Calgari
35522,Artes del Café,25,Dott. Pietro Mercadante
219876,Artes del Café,27,Lonnie Sanders
243577,Historia del Universo Paralelo,30,Anacleto Paco Cañellas Neira
174831,Filosofía Cuántica,18,Primitiva Ramis Lladó
32846,Turismo Espacial,19,David Jackson
151554,Diseño de Moda Intergaláctica,20,Dionisia Bartolomé Vázquez
119561,Historia del Universo Paralelo,27,Chad Carter
68185,Cocina Molecular,28,Ornella Anguillara-Forza
88981,Biología Marina,23,Herminio Alvarado Hervia
3250,Música para Plantas,30,Renata Gentileschi-Montessori
242928,Diseño de Moda Intergaláctica,28,Sig. Pierluigi Chigi
128186,Artes del Café,19,Nicole Brooks
244996,Biología Marina,22,Eliana Cherubini-Battaglia
56906,Teoría Práctica,20,Melissa Boyer
54101,Historia del Universo Paralelo,28,Gioffre Raurica
60311,Psicología Canina,26,Patricia Montes Novoa
102020,Teoría Práctica,28,Juan Antonio Bernad
38193,Música para Plantas,22,Tristán Herberto Sans Sosa
32304,Biología Marina,26,Nicolasa Seguí
4265,Cocina Molecular,28,Daniel Miller
132789,Filosofía Cuántica,22,Michelle Campos
249427,Diseño de Moda Intergaláctica,24,Karen Brennan
146992,Turismo Espacial,19,Mariano Ruggieri
89869,Teoría Práctica,28,Feliciana Carreras Fonseca
128539,Diseño de Moda Intergaláctica,18,Leah Lee
246984,Turismo Espacial,21,Natanael del Bartolomé
204847,Teoría Práctica,24,Steven Lam
213706,Biología Marina,19,María Mariscal Tamarit
165734,Turismo Espacial,30,Sherri Odonnell
72942,Psicología Canina,22,Amancio Régulo Anaya Ribera
94793,Psicología Canina,29,Nazaret Heredia Diez
242840,Turismo Espacial,27,Priscila Tirado Montoya
246395,Teoría Práctica,18,África Abril Estévez
95627,Filosofía Cuántica,19,Laura Franscini
240997,Psicología Canina,27,Ashley Robinson
156893,Psicología Canina,28,Edgardo Amaya Barral
160960,Psicología Canina,25,Mireia Iñiguez
172614,Música para Plantas,23,Gianni Faugno
162013,Psicología Canina,26,Meghan Burns
183508,Artes del Café,19,Lisa White
20037,Turismo Espacial,30,Keith Mccann
76966,Psicología Canina,24,Coluccio Comisso
211991,Biología Marina,26,Saverio Udinese
217952,Filosofía Cuántica,29,Jennifer Myers
113766,Teoría Práctica,26,Patrizia Marconi
62235,Filosofía Cuántica,22,Celestino Pintor Flor
42334,Historia del Universo Paralelo,30,Ulises Flavio Ferrera Girón
236804,Turismo Espacial,26,Wilfredo Casanova Barrios
158475,Artes del Café,26,Giacinto Barberini-Bernetti
41612,Cocina Molecular,27,David Wright
105688,Teoría Práctica,24,James Garcia
215167,Teoría Práctica,25,Félix Pardo Alcalá
39149,Artes del Café,21,Robert Jones
120192,Música para Plantas,22,Tullio Iannucci
20215,Biología Marina,26,Liliana Águila Guillen
237639,Filosofía Cuántica,29,Anthony Harris
120922,Cocina Molecular,20,Onofre Bautista Sala
220903,Historia del Universo Paralelo,27,Brandon Osborne
229477,Historia del Universo Paralelo,25,Maurilio Galvani-Carli
243270,Turismo Espacial,30,Mrs. Courtney Williams
125013,Música para Plantas,30,Martino Pietrangeli
133099,Turismo Espacial,25,Eusebio Artemio Guijarro Álamo
79891,Historia del Universo Paralelo,26,Dott. Amanda Russo
70343,Música para Plantas,26,Ricardo Morata Coronado
211620,Teoría Práctica,27,Gabrielle Murphy
179320,Música para Plantas,24,Lisa Miller
111922,Turismo Espacial,20,Charles Ruiz
84787,Filosofía Cuántica,21,Luis Thompson
146936,Música para Plantas,30,Sigfrido Seguí-Barreda
189567,Diseño de Moda Intergaláctica,27,Efraín Almagro Soto
74319,Teoría Práctica,24,Kenneth Lucas
131004,Música para Plantas,28,Fabrizio Duodo
100638,Psicología Canina,19,Dino Garozzo
232947,Historia del Universo Paralelo,29,Clara Chacón-Losada
72714,Diseño de Moda Intergaláctica,24,Betty Shelton
191694,Historia del Universo Paralelo,18,Georgina Pujadas-Díaz
245602,Filosofía Cuántica,23,Joel Jenkins
39269,Diseño de Moda Intergaláctica,22,Isaías Valero Aguado
182741,Filosofía Cuántica,19,Lauretta Garzoni
73022,Filosofía Cuántica,23,Raffaellino Ferrabosco
24535,Cocina Molecular,28,Aránzazu Pedrosa-Gascón
11726,Biología Marina,21,Hilda Montesinos Niño
199229,Historia del Universo Paralelo,19,Jerry Gordon
201787,Psicología Canina,19,Angelita Reyes Sola Cerro
78900,Teoría Práctica,20,Stacy Rodriguez
190319,Cocina Molecular,20,Benjamin Palmer
10666,Historia del Universo Paralelo,20,Uberto Ritacca
174444,Biología Marina,19,Virginia Verónica Antón Egea
143459,Diseño de Moda Intergaláctica,18,Ronald Rogers
89770,Turismo Espacial,28,Karen Nguyen
173015,Turismo Espacial,18,Valeria Paltrinieri
245031,Diseño de Moda Intergaláctica,20,Etta Ficino
190271,Música para Plantas,21,Soledad Malena Rico Alcázar
73951,Diseño de Moda Intergaláctica,26,Ovidio Franco Iñiguez
155623,Filosofía Cuántica,24,Humberto Fuster Noriega
204943,Biología Marina,30,Miranda Hess
208555,Filosofía Cuántica,27,Lucia Peranda
243251,Teoría Práctica,18,Costantino Manzoni-Argentero
213105,Turismo Espacial,20,Pamela Davis
231137,Turismo Espacial,23,Gelsomina Monicelli
158257,Turismo Espacial,19,Dott. Nedda Turchetta
188756,Música para Plantas,30,Julie Becker
24711,Teoría Práctica,26,Pascual Aníbal Figueroa Cervera
166293,Turismo Espacial,21,Goffredo Trapanese
161001,Filosofía Cuántica,25,Germana Errigo
72143,Música para Plantas,22,Sig. Leone Nonis
95634,Filosofía Cuántica,20,Robert Chang
175345,Cocina Molecular,18,Ainara Arcelia Gallardo Adán
136242,Biología Marina,23,Demetrio Bastida
172452,Teoría Práctica,23,Tamara Ruiz
83026,Música para Plantas,26,Cristina Valier
10121,Psicología Canina,27,Corey Webb
206077,Psicología Canina,25,Cassandra Broschi
70560,Teoría Práctica,20,Sig. Benito Rastelli
32885,Turismo Espacial,30,Vittoria Navarria
112620,Filosofía Cuántica,28,Jose Francisco Almeida
104747,Turismo Espacial,21,Michael Clark
147451,Biología Marina,22,Dino Rossini
133746,Biología Marina,28,Giulietta Lupo
33956,Artes del Café,29,Donald Alvarez
226175,Música para Plantas,19,Ernesto Franzese
119657,Diseño de Moda Intergaláctica,22,Deanna Lane
198975,Artes del Café,20,Venancio Ostinelli
107588,Teoría Práctica,27,Melania Spinola
18296,Historia del Universo Paralelo,19,Dr. Shannon Hunt
78175,Filosofía Cuántica,29,Ruben Murphy
96977,Psicología Canina,29,Suzanne White
164583,Filosofía Cuántica,24,Carmelo Ferrucci-Nolcini
46718,Música para Plantas,30,Jeffrey Madden
77649,Música para Plantas,24,José Ángel Roda-Goicoechea
139839,Biología Marina,23,Giuliano Scandone
180848,Artes del Café,24,Anabel de Pombo
177484,Biología Marina,23,Pía Carmona Noguera
145246,Historia del Universo Paralelo,24,Dale Jennings
206280,Filosofía Cuántica,22,Elías Ros Álamo
55318,Música para Plantas,19,Darío Diaz-Pinedo
30108,Música para Plantas,22,Chelsea Miller
204474,Artes del Café,29,Ettore Golgi
202845,Biología Marina,23,Dott. Isabella Pizzo
219374,Música para Plantas,29,Clementina Bayona Solana
144756,Música para Plantas,20,Jesusa Escalona
154961,Psicología Canina,26,Dott. Ernesto Parpinel
202895,Turismo Espacial,18,Sarah Herrera
162504,Turismo Espacial,26,Richard Yates
160207,Artes del Café,24,Joan Bowers
20874,Cocina Molecular,28,Dott. Lina Ferrabosco
205425,Diseño de Moda Intergaláctica,27,Geronimo Venturi-Catalano
91228,Cocina Molecular,29,Nicole Moore
29057,Teoría Práctica,25,Gerónimo Zorrilla Puig
159806,Teoría Práctica,26,Laura Young
13982,Música para Plantas,29,Joseph Hall
10652,Diseño de Moda Intergaláctica,27,Teresa Larson
10187,Biología Marina,19,Armando Gárate
50244,Artes del Café,24,Jeffrey Anderson
69741,Cocina Molecular,21,Dott. Annamaria Basso
173688,Historia del Universo Paralelo,24,Marcello Smirnoff
59472,Psicología Canina,19,Sergio Baxter
190703,Biología Marina,23,Michael Gilbert
80349,Diseño de Moda Intergaláctica,22,Fortunata Loredan
79040,Cocina Molecular,19,Miriam Dávila Escalona
232521,Turismo Espacial,27,Rosaria Mondaini
33877,Música para Plantas,22,Dott. Virgilio Monte
164734,Turismo Espacial,30,Christopher Jones
216099,Turismo Espacial,27,Giulietta Zeffirelli-Turati
75907,Biología Marina,18,Sig.ra Elisa Boezio
162267,Cocina Molecular,29,Maricela Rios Montenegro
194808,Música para Plantas,30,Bonifacio Lluch-Aparicio
234894,Diseño de Moda Intergaláctica,27,Donna Salvini
205238,Cocina Molecular,18,Thomas Mitchell
175601,Teoría Práctica,20,Simonetta Totino-Tron
45320,Historia del Universo Paralelo,27,Lisa Duse
220097,Turismo Espacial,27,Robert Miller
74136,Diseño de Moda Intergaláctica,22,Osvaldo Alcázar Lladó
82540,Turismo Espacial,22,Robert Lee
175553,Filosofía Cuántica,24,Basilio Amaro Robledo Vaquero
201638,Teoría Práctica,28,Dante Taccola
43033,Historia del Universo Paralelo,22,Bonnie Hill
227559,Diseño de Moda Intergaláctica,21,Alfredo de Roldan
186316,Cocina Molecular,30,Pelayo Solana Farré
79999,Filosofía Cuántica,29,John Andersen
68853,Historia del Universo Paralelo,30,Primitiva Carrión Carnero
172685,Cocina Molecular,22,Selena Barrio Mayoral
191541,Música para Plantas,21,Ibán Carrera Alcalde
47594,Teoría Práctica,25,Mariana de Pera
150862,Psicología Canina,20,Jeffrey Jones
107071,Diseño de Moda Intergaláctica,18,Nicole Hamilton
156055,Historia del Universo Paralelo,26,Laura Griffith
95450,Cocina Molecular,28,Hilario Reig Prats
8463,Turismo Espacial,30,Tammy Bush
127152,Filosofía Cuántica,26,Andrea Valencia
137859,Historia del Universo Paralelo,18,Erica Thompson
172952,Biología Marina,22,Adrián Pina
230690,Psicología Canina,18,Ashley Taylor
169168,Música para Plantas,18,Sig. Nico Pistoletto
22549,Turismo Espacial,24,Bautista Montesinos Amores
241166,Turismo Espacial,19,Dott. Giuseppe Viola
131218,Historia del Universo Paralelo,28,Tatiana Zanichelli
136628,Biología Marina,23,Anna Vall
66696,Biología Marina,26,Riccardo Murri
20307,Historia del Universo Paralelo,19,Fermín Vilanova Carvajal
50992,Historia del Universo Paralelo,25,Dott. Letizia Accardo
117592,Filosofía Cuántica,29,Atenulf Pennetta
22029,Música para Plantas,22,Kevin Jacobson
164275,Artes del Café,30,Laura Lewis
67377,Cocina Molecular,27,Sig.ra Filippa Petruzzi
152441,Filosofía Cuántica,29,Adelardo Valenzuela Terrón
203739,Turismo Espacial,25,Tara Richmond
97510,Teoría Práctica,25,Valentina Cattaneo
71860,Psicología Canina,19,Patricia Campos
245944,Música para Plantas,24,Sherry Harris
152494,Teoría Práctica,20,Gino Giannuzzi
202265,Diseño de Moda Intergaláctica,26,John Daniels
150217,Cocina Molecular,26,Sarah Hill
101286,Filosofía Cuántica,22,Arturo Goldstein
61053,Cocina Molecular,24,Albina Nadia Vicens Quevedo
233918,Cocina Molecular,28,Sig. Gaspare Galtarossa
166794,Música para Plantas,24,Joshua Cuevas
227494,Biología Marina,28,Paloma Bauzà Osuna
115193,Diseño de Moda Intergaláctica,23,Arnulfo Interminelli
58707,Música para Plantas,30,Nicoletta Sagredo
203527,Historia del Universo Paralelo,19,Melissa Alvarez
172473,Música para Plantas,22,Sole Civaschi
183082,Artes del Café,20,Eligia Lluch Pizarro
159541,Cocina Molecular,25,Dott. Pietro Tozzo
249640,Cocina Molecular,28,Nino Angeli-Morricone
131914,Cocina Molecular,26,Ciriaco Abella Carreras
115162,Teoría Práctica,18,Sarah Green
67535,Diseño de Moda Intergaláctica,27,Adam Franklin
38472,Psicología Canina,23,Robin Campbell
246705,Música para Plantas,30,Sandra White
142411,Historia del Universo Paralelo,23,Danilo Omar Cobo Vicens
219630,Artes del Café,29,Tristán Llobet Zurita
120793,Biología Marina,20,Bruno Cadorna
159257,Música para Plantas,29,Elena Pont Narváez
5789,Filosofía Cuántica,28,Christina Perez
215899,Filosofía Cuántica,27,Dott. Dante Castellitto
152272,Cocina Molecular,23,Eutropio Juan Cantón
233439,Turismo Espacial,18,Jeffrey Smith
38575,Artes del Café,27,John Smith
190680,Historia del Universo Paralelo,27,Teófila Evita Santamaría Gomez
99791,Teoría Práctica,23,Stephanie Jones
202388,Cocina Molecular,18,Narciso Niño Bermejo
98888,Filosofía Cuántica,30,Rebecca Oliver
135318,Cocina Molecular,18,Angelina Guardiola Grande
104732,Teoría Práctica,29,Dott. Galasso Faugno
30698,Música para Plantas,29,Nereida Griselda Egea Yuste
105970,Diseño de Moda Intergaláctica,26,Gastón Meléndez Codina
80435,Psicología Canina,30,Melania Travia
183179,Historia del Universo Paralelo,18,Mary Barker
226844,Psicología Canina,24,Brígida Ródenas-Cruz
217660,Diseño de Moda Intergaláctica,27,Gian Pincherle-Volterra
48590,Turismo Espacial,20,Jillian Keller
202650,Teoría Práctica,24,Andrew Lopez
73105,Turismo Espacial,30,Modesta Báez
116062,Turismo Espacial,18,Claudia Giolitti
101125,Turismo Espacial,22,Corey Long
80037,Teoría Práctica,28,Hannah Baldwin
167353,Filosofía Cuántica,25,Linda Johnson
196424,Diseño de Moda Intergaláctica,27,Kyle Johnson
170094,Turismo Espacial,19,Rafa Padilla Manuel
3109,Diseño de Moda Intergaláctica,27,Ignacio Tudela Quintanilla
118384,Diseño de Moda Intergaláctica,29,David Jones
91892,Teoría Práctica,19,Kevin Cole
85981,Música para Plantas,26,Marisol Calvo
99163,Historia del Universo Paralelo,19,Heather Harvey
101099,Diseño de Moda Intergaláctica,26,Edward Harris
174024,Diseño de Moda Intergaláctica,19,Camilla Bernardi
241187,Música para Plantas,19,Shannon Cooke
29776,Historia del Universo Paralelo,25,Amor Acevedo
102479,Turismo Espacial,24,Dott. Micheletto Zaccardo
136487,Artes del Café,28,Dott. Adriana Collina
8143,Teoría Práctica,19,Dr. John Fisher Jr.
76035,Artes del Café,22,Imelda Carli
34621,Turismo Espacial,18,Domenico Chigi-Corcos
85065,Cocina Molecular,30,Michael Moses
209434,Filosofía Cuántica,28,Lourdes de Posada
29779,Diseño de Moda Intergaláctica,29,Dott. Mattia Montalti
237458,Turismo Espacial,25,Maurizio Zito
89483,Diseño de Moda Intergaláctica,21,Octavio del Lago
36616,Artes del Café,19,Lucia Tagliafierro-Niggli
138395,Artes del Café,25,Dionisia Flores Solano
92926,Cocina Molecular,18,Cheyenne Hartman
17801,Cocina Molecular,25,Olalla Pedro Quintana
58314,Filosofía Cuántica,29,Giuseppina Argenti
147939,Cocina Molecular,22,Fausto Seddio-Viviani
51563,Historia del Universo Paralelo,21,James Hall
125909,Diseño de Moda Intergaláctica,25,Jason Reed
80012,Cocina Molecular,22,Cosme Sobrino Casares
132978,Historia del Universo Paralelo,25,Alfio Turci
18174,Biología Marina,18,Paloma Giunti
232456,Psicología Canina,19,Samantha Andersen
54078,Turismo Espacial,20,Richard Wilson
43607,Filosofía Cuántica,28,Piergiorgio Vespucci
19181,Teoría Práctica,19,Raffaellino Mozart
46647,Filosofía Cuántica,30,Lisa Gilbert
152203,Diseño de Moda Intergaláctica,22,Eliana Badoglio
243215,Filosofía Cuántica,27,Dwayne Spencer MD
136252,Música para Plantas,28,Wálter Portillo Tejada
19506,Artes del Café,26,Shelby French
142462,Turismo Espacial,28,Vanessa Davila
225543,Diseño de Moda Intergaláctica,28,Timothy Hall
233841,Teoría Práctica,22,Baltasar Amigó
235483,Artes del Café,23,Doris Cervantes
131995,Cocina Molecular,26,Catherine Marsh
25550,Biología Marina,19,Valerio Marino
194296,Psicología Canina,26,Niccolò Visintini
41142,Turismo Espacial,26,Sig.ra Angelina Satriani
121533,Música para Plantas,21,Albert Mariscal Lumbreras
187962,Cocina Molecular,19,Rick Thomas
197178,Historia del Universo Paralelo,20,Gioffre Bova
178123,Cocina Molecular,29,Chiara Saragat
7250,Diseño de Moda Intergaláctica,19,Dott. Ivo Stein
227961,Música para Plantas,27,Paloma Bruno
41370,Turismo Espacial,24,Rafaela Francisco Peinado
221573,Turismo Espacial,21,Aaron Santiago
48707,Música para Plantas,30,Lindsey Massey
120711,Turismo Espacial,25,Flora Bartoli
191536,Historia del Universo Paralelo,30,Giuseppina Tiepolo
195998,Biología Marina,29,Annibale Interminelli-Bassi
137301,Turismo Espacial,30,Maria Agostinelli
227250,Música para Plantas,28,Dott. Gianluigi Serlupi
14403,Diseño de Moda Intergaláctica,22,Nacio Duque Feliu
125480,Cocina Molecular,21,Maurizio Cundari-Scotto
239999,Diseño de Moda Intergaláctica,25,Roldán de Vazquez
134665,Filosofía Cuántica,28,Marco Brown
246030,Filosofía Cuántica,21,Juanito Armas Mariño
188107,Teoría Práctica,29,Cayetano Oller-Guzmán
233722,Biología Marina,30,Aldo Campise-Puglisi
183909,Diseño de Moda Intergaláctica,25,Paride Borghese
49085,Cocina Molecular,24,Donatella Paoletti
59030,Psicología Canina,23,Santiago Iniesta Bernat
157381,Música para Plantas,24,Roxana Montenegro Juárez
210471,Cocina Molecular,25,Tere Elías Planas
212803,Filosofía Cuántica,26,Megan Lawson
217556,Filosofía Cuántica,23,Visitación Arrieta Checa
91581,Historia del Universo Paralelo,24,Mr. Mark Mcintosh
158724,Diseño de Moda Intergaláctica,30,Rosalia Fuseli
22602,Biología Marina,26,Roxana Herranz Jerez
22480,Filosofía Cuántica,29,Fabia Pavanello
40180,Psicología Canina,24,Stephanie Lyons
159723,Música para Plantas,27,Dr. Francisco Hess
249087,Diseño de Moda Intergaláctica,25,Eugenia Ferretti
104771,Psicología Canina,30,Marco Gutiérrez Recio
32016,Música para Plantas,25,Joshua Lewis
115685,Filosofía Cuántica,27,Dakota Shaw
219440,Diseño de Moda Intergaláctica,26,Kevin Ortiz
176676,Filosofía Cuántica,19,Gloria Curiel
91392,Cocina Molecular,19,Juliana Morales Donaire
241520,Diseño de Moda Intergaláctica,25,Remedios Camino
73986,Cocina Molecular,24,William Walker
174010,Artes del Café,30,Anastasio Santamaria
183948,Biología Marina,28,Giacobbe Tagliafierro
17100,Psicología Canina,27,Dustin Williams
9818,Filosofía Cuántica,23,Vincenza Garobbio
234218,Diseño de Moda Intergaláctica,30,Tatiana Feliciana Ribera Rivera
190948,Historia del Universo Paralelo,30,Tania de Lobato
238929,Cocina Molecular,29,Matthew Martinez
143852,Cocina Molecular,24,Nico Rusticucci-Gaito
9096,Música para Plantas,19,Dante Belletini
151630,Psicología Canina,19,Jonathan Romero
154924,Filosofía Cuántica,26,Ruggiero Raurica
219611,Historia del Universo Paralelo,21,Dott. Mariana Ammaniti
181730,Turismo Espacial,19,Gilberto Gabba
7308,Turismo Espacial,23,Lindsey Beltran
248560,Turismo Espacial,28,Ashley Olson
28528,Teoría Práctica,25,Haydée del Cabo
62654,Artes del Café,22,Mayte Cuervo Puente
29245,Artes del Café,24,Colleen Bell
99281,Historia del Universo Paralelo,25,Trinidad de Fernandez
218825,Filosofía Cuántica,18,Pío Asenjo Bernad
36861,Filosofía Cuántica,19,Salomé Millán-Zamora
93470,Psicología Canina,28,Cristina Correr
155445,Cocina Molecular,25,Paoletta Ubaldi
215562,Teoría Práctica,18,Adele Lombroso
94543,Cocina Molecular,27,Maximiano de Jáuregui
90090,Cocina Molecular,26,Jolanda Guariento
41959,Biología Marina,25,Ronaldo Lucciano
108205,Música para Plantas,18,Manuel Martin
187178,Diseño de Moda Intergaláctica,23,Humberto de Menéndez
180448,Música para Plantas,18,William Bright
197497,Turismo Espacial,18,Sydney Hicks
38715,Teoría Práctica,22,Debra King
5476,Diseño de Moda Intergaláctica,18,Kylie Wright
204420,Biología Marina,29,Lucas Fernandez
219573,Historia del Universo Paralelo,24,Fortunata Calgari
249551,Filosofía Cuántica,27,Rolando Padovano
27469,Psicología Canina,26,Osvaldo Pascual Montenegro
116189,Biología Marina,20,Brittney Fisher
38489,Música para Plantas,21,Daria Vitturi
113785,Turismo Espacial,27,Michael Chavez
48065,Música para Plantas,24,Mariano Fuente Vazquez
24975,Historia del Universo Paralelo,20,Steven Sanders
142954,Música para Plantas,25,Christopher Mendez
227365,Diseño de Moda Intergaláctica,27,Virginia Montserrat Barrios
50517,Psicología Canina,22,Carlos Ambrosio Cueto Somoza
9867,Biología Marina,30,Sandro Lombardi
135088,Historia del Universo Paralelo,30,Zachary Callahan
134744,Teoría Práctica,27,Amaya Roig Aroca
232692,Artes del Café,30,Bruno Jurado Giner
33455,Biología Marina,25,Jason Long
242646,Artes del Café,20,Christopher Meza
248350,Teoría Práctica,30,Pietro Zaccagnini
151339,Historia del Universo Paralelo,20,Brandy Parsons
214715,Música para Plantas,23,Rembrandt Biagiotti
169985,Cocina Molecular,23,Gertrudis Alarcón Egea
146080,Artes del Café,29,Mark Torres
126121,Filosofía Cuántica,26,Baccio Camuccini
46882,Turismo Espacial,27,Arnaldo Staglieno
13159,Psicología Canina,19,Amanda Craig
227980,Teoría Práctica,19,Natalia Parmitano
241463,Diseño de Moda Intergaláctica,28,Courtney Coffey
56574,Diseño de Moda Intergaláctica,21,Elvira Figueroa Álvarez
232811,Filosofía Cuántica,26,Valentina Castiglione
155937,Turismo Espacial,21,Sonia Perez Jaén
226885,Diseño de Moda Intergaláctica,28,Luchino Palombi
30713,Biología Marina,19,Anunciación Larrea Menéndez
90002,Turismo Espacial,18,Stacy Barron
96329,Historia del Universo Paralelo,26,Stephanie Wright
218055,Música para Plantas,20,Ramona Leonardi
128365,Música para Plantas,25,Sig.ra Liliana Schiavo
182967,Artes del Café,20,Hugo Pirelli
138050,Turismo Espacial,19,Agapito Rebollo Garcés
104808,Artes del Café,25,Tara Haney
194626,Teoría Práctica,29,Daniel Smith
49452,Psicología Canina,25,Sarah Howard
1233,Cocina Molecular,23,Sandra Iglesias Barba
56513,Filosofía Cuántica,23,Aureliano Solera-Roig
65966,Psicología Canina,20,Renzo Corcos
65922,Teoría Práctica,24,Che Alcalá Domingo
25794,Biología Marina,29,Emma Lopez
196197,Historia del Universo Paralelo,23,Kelly Baker
170694,Historia del Universo Paralelo,26,Julián Saldaña Rocamora
29275,Turismo Espacial,27,Dott. Nina Cabrini
143442,Biología Marina,27,Mackenzie Reid
78484,Biología Marina,19,Matthew Gallegos
176483,Turismo Espacial,27,Francesco Foa
103319,Teoría Práctica,23,Jennifer Harris
157846,Filosofía Cuántica,25,Dott. Silvia Pietrangeli
111559,Psicología Canina,19,Omar Rodriguez
173764,Artes del Café,30,Dott. Stella Gussoni
229762,Biología Marina,20,Jason Martinez
201876,Teoría Práctica,25,Dott. Marcantonio Spadafora
100938,Historia del Universo Paralelo,28,Nadia Visintini
167137,Biología Marina,28,Sig.ra Allegra Anguissola
176296,Teoría Práctica,21,Christopher Higgins
91183,Diseño de Moda Intergaláctica,30,Marcelo Carrillo Riera
42425,Turismo Espacial,22,Dott. Concetta Sbarbaro
65447,Historia del Universo Paralelo,20,Joseph Velasquez
97577,Filosofía Cuántica,27,Katherine Grant
206580,Biología Marina,28,Anselmo Loreto Palmer Medina
247581,Biología Marina,22,Diane Gibson
176421,Psicología Canina,24,Anastasia Sevilla Sobrino
122401,Biología Marina,19,Gary Johnson
116380,Artes del Café,24,Brian Alvarez
7089,Artes del Café,30,Cassandra Garcia
119706,Historia del Universo Paralelo,23,Prudencio Roldan
159854,Psicología Canina,22,Rosa María Barriga Rosselló
236097,Cocina Molecular,25,Ciriaco Ildefonso Rios Canales
66908,Teoría Práctica,30,Whitney Sanchez
21133,Artes del Café,21,Gregory Wise
160252,Biología Marina,19,Aurelia Eugenia Amaya Sastre
123775,Teoría Práctica,23,Concha Adelia Lozano Bermejo
226575,Historia del Universo Paralelo,24,Felipe Aguilera Bustamante
152882,Diseño de Moda Intergaláctica,25,Mirko Bocelli
12803,Filosofía Cuántica,18,Zacarías del Bertrán
22819,Filosofía Cuántica,20,Clementina Dora Pulido Pagès
184896,Psicología Canina,25,Bianca Cainero-Varano
241721,Música para Plantas,26,Elizabeth Nguyen
193334,Filosofía Cuántica,22,Bobby Wyatt
212436,Turismo Espacial,24,Roman Mezzetta
59053,Turismo Espacial,26,Christopher Chung
189488,Filosofía Cuántica,24,Perla Perea Ferrándiz
30235,Cocina Molecular,22,Buenaventura Casals Cobos
158500,Turismo Espacial,26,Donato Castilla Soriano
183757,Diseño de Moda Intergaláctica,18,Cristian Amador Fernández
26460,Música para Plantas,25,Lee Garner
18996,Turismo Espacial,22,Iker Figuerola Cerdá
246576,Filosofía Cuántica,26,Mario Baquero Royo
99274,Filosofía Cuántica,27,Thomas Huber
126506,Cocina Molecular,29,Romana Biagiotti
45499,Diseño de Moda Intergaláctica,24,Noa de Pujadas
225479,Teoría Práctica,23,Natalie Johnson
147260,Filosofía Cuántica,19,Dott. Adelasia Luria
158308,Artes del Café,18,Angelino Quevedo Montero
115022,Biología Marina,28,Sig. Arnulfo Renault
193150,Teoría Práctica,26,Steven Roach
194920,Cocina Molecular,23,Melissa Soto
19298,Filosofía Cuántica,18,Sig.ra Giuseppina Sermonti
42290,Teoría Práctica,26,Fátima Alberto Borrell
228700,Biología Marina,25,Angelita Reyes Moraleda
149886,Teoría Práctica,23,Michael Koch
196550,Filosofía Cuántica,18,Richard Smith
78947,Teoría Práctica,27,Eric Miles
93424,Cocina Molecular,29,Benedetto Canevascini
208119,Turismo Espacial,20,Amy Olson
234004,Teoría Práctica,26,Rachel Lin
217367,Música para Plantas,24,Gertrudis Gárate Oliver
24799,Historia del Universo Paralelo,23,Tatiana del Gelabert
247413,Teoría Práctica,20,Rosalía Menéndez Velázquez
95938,Artes del Café,18,Stefania Majorana-Ammaniti
64055,Teoría Práctica,22,John Stewart
1529,Turismo Espacial,24,Abel Segovia Plana
133339,Historia del Universo Paralelo,25,Tere Tejedor Marquez
68004,Artes del Café,23,Giuliano Bottigliero
239183,Artes del Café,20,Benigna Fuentes Gonzalez
13628,Biología Marina,27,Jeremy Maynard
144969,Filosofía Cuántica,18,Concepción Jover Estevez
196453,Filosofía Cuántica,21,Jesusa Acevedo-Calatayud
249438,Diseño de Moda Intergaláctica,28,Jacob Robinson
70655,Teoría Práctica,23,Jose Bryant
57215,Artes del Café,29,Hailey Taylor DDS
36796,Biología Marina,23,Caterina Prada
165509,Música para Plantas,23,Benigno Serna Feijoo
228718,Biología Marina,27,Vittoria Smirnoff
12541,Filosofía Cuántica,21,Amaya Aller Cordero
175571,Música para Plantas,28,Luigi Valier
161027,Psicología Canina,27,Tonia Trotta
95347,Psicología Canina,21,Nicoletta Chittolini-Bianchi
222208,Artes del Café,30,Marisol Salvador Moles
189798,Turismo Espacial,28,Rufina Vallejo-Mármol
90646,Música para Plantas,23,Jose Miguel del Asenjo
116907,Diseño de Moda Intergaláctica,22,Sandra Torrent
9317,Filosofía Cuántica,21,Edward Garcia
2877,Turismo Espacial,22,Giacobbe Vezzali
45470,Biología Marina,24,Jennifer Lewis
104342,Historia del Universo Paralelo,25,Roque Ferrera-Orozco
218098,Música para Plantas,30,Carolina Bombieri
15559,Psicología Canina,19,Crescencia Costa Almazán
203972,Psicología Canina,19,Macario del Gallego
138291,Diseño de Moda Intergaláctica,19,Sig.ra Sole Dandolo
116869,Psicología Canina,18,Tanya Gibson
19577,Historia del Universo Paralelo,30,Hugo Battisti
183989,Turismo Espacial,29,John Li
159440,Psicología Canina,20,Desiderio del Escamilla
249390,Historia del Universo Paralelo,18,Emma Rodríguez Blázquez
80245,Teoría Práctica,22,Liberto Salata
235578,Cocina Molecular,23,Mary Mckinney
24692,Historia del Universo Paralelo,28,Stephen Anderson
97920,Teoría Práctica,21,Leon Knight
152357,Filosofía Cuántica,19,Berenice Turci
150278,Biología Marina,28,Fausto Ripoll Cobos
143317,Turismo Espacial,19,Bartolomé Coll
219870,Biología Marina,20,Antonina Pedersoli-Pasqua
50623,Música para Plantas,20,Beth Jackson
210721,Biología Marina,24,Ángela Corominas-Portero
112714,Filosofía Cuántica,24,Licia Seddio
237976,Cocina Molecular,26,Daniel Wright
47551,Turismo Espacial,20,Kelly Ford
41683,Historia del Universo Paralelo,19,Jon Anderson
170666,Música para Plantas,22,Abel Vila Solís
20670,Teoría Práctica,29,Rosendo Solsona España
10722,Artes del Café,26,Adele Cuomo-Tutino
158131,Música para Plantas,21,James Herrera
197485,Teoría Práctica,24,Dr. Miguel Jacobs
158420,Música para Plantas,30,Sergio de Alsina
182560,Filosofía Cuántica,23,Omar Peiró-Donaire
197282,Teoría Práctica,18,Manuel Mascagni-Mancini
87540,Filosofía Cuántica,28,Christina White
119732,Filosofía Cuántica,24,Sig. Baldassare Mortati
49659,Diseño de Moda Intergaláctica,28,Vanessa Mascagni
58918,Diseño de Moda Intergaláctica,25,Barbara Salvini
188432,Turismo Espacial,20,Timothy Davis
61688,Cocina Molecular,26,Dionisio Mayo Galán
103881,Psicología Canina,27,Miguel King
191527,Psicología Canina,22,Samuel de Bas
152839,Biología Marina,30,Octavia Moliner Galán
148313,Artes del Café,20,Ian Burgess
228950,Música para Plantas,19,Lara Fallaci
219418,Diseño de Moda Intergaláctica,30,Luciana Fuster Cano
229227,Música para Plantas,21,Rico de Millán
159958,Filosofía Cuántica,25,Ilaria Pisani
172247,Psicología Canina,26,Lilia Duarte Ibáñez
246324,Teoría Práctica,24,Alderano Taccola
52888,Historia del Universo Paralelo,27,Mónica de Rebollo
239805,Teoría Práctica,29,Rembrandt Babbo
206385,Teoría Práctica,20,Juan Alvarez Guillén
516,Cocina Molecular,21,Begoña Roman Téllez
28356,Diseño de Moda Intergaláctica,18,Teresita Iniesta Pinedo
193684,Psicología Canina,20,Claudio Casemiro Cuadrado Marí
191075,Biología Marina,18,Ermes Sermonti
10584,Diseño de Moda Intergaláctica,23,Benedetto Petrassi
137475,Cocina Molecular,27,Jessica Perez
172169,Psicología Canina,26,Loreto del Abellán
212389,Cocina Molecular,21,Cornelio Pino Roig
157437,Biología Marina,18,Nélida Ascensión Sanmiguel Priego
70800,Biología Marina,24,Henry Hinton
132104,Historia del Universo Paralelo,27,Jessica David
197270,Teoría Práctica,28,Dott. Donato Balla
165903,Cocina Molecular,27,Danielle Watson
89536,Historia del Universo Paralelo,23,Anthony Martin
116634,Música para Plantas,20,Kayla Keller
103481,Historia del Universo Paralelo,22,Silvia Bersani
85688,Biología Marina,22,Leonardo Nadal Bermúdez
244578,Teoría Práctica,22,Amanda Smith
241564,Diseño de Moda Intergaláctica,24,Benedetto Guglielmi
223470,Diseño de Moda Intergaláctica,27,Gil Segura Ibarra
239847,Biología Marina,29,Jordán Tejera Marcos
74793,Filosofía Cuántica,28,Zaira Carreras
12655,Psicología Canina,18,Jenny Perelló Pedrosa
207195,Teoría Práctica,19,Sabina Robledo Paz
89707,Historia del Universo Paralelo,25,Dr. Jeremy Peterson MD
217938,Psicología Canina,24,Sig.ra Flavia Cavalcanti
106401,Artes del Café,28,Fortunata Parejo Bas
106650,Teoría Práctica,25,Alfio Mondaini
207354,Diseño de Moda Intergaláctica,26,Iván del Palau
32400,Teoría Práctica,23,Edgardo Lobato-Ortega
5959,Turismo Espacial,26,Gianfrancesco Ioppi
154969,Música para Plantas,22,Berta Padilla-Gras
218746,Artes del Café,25,Jason Simmons
176772,Filosofía Cuántica,26,Allegra Lucciano
34724,Música para Plantas,27,Cosme Remigio Jara Barón
219502,Música para Plantas,26,Rosa Agostinelli
214873,Historia del Universo Paralelo,23,Teresa Hudson
12705,Diseño de Moda Intergaláctica,27,John Nixon
118586,Música para Plantas,28,Jonathan Stanton
237159,Turismo Espacial,24,Sig. Tonino Sandi
47579,Teoría Práctica,27,Maria Fantoni
83984,Cocina Molecular,19,Paula Emilia Iriarte Franch
212288,Turismo Espacial,26,Chita Sala Mariscal
212644,Cocina Molecular,24,Alfredo Feijoo Alcaraz
124981,Historia del Universo Paralelo,29,Eric Munoz
224226,Historia del Universo Paralelo,28,Ermanno Baresi
78442,Psicología Canina,20,Kathryn Curtis
109290,Turismo Espacial,22,Anselmo Lorenzo Castro
122087,Psicología Canina,25,Paul Davis
152433,Historia del Universo Paralelo,19,Melchor Jerez Alemán
182524,Diseño de Moda Intergaláctica,21,Ashley Blackburn
107264,Música para Plantas,30,Cheryl Jones
34936,Historia del Universo Paralelo,20,Erica Santos
181781,Cocina Molecular,28,Martina Garriga Diez
67532,Biología Marina,26,Onofre Ferrera Cardona
68350,Cocina Molecular,25,Mitchell Browning
38663,Teoría Práctica,24,Arsenio Piazzi-Tasso
153538,Filosofía Cuántica,19,Gianpietro Bataglia
218561,Biología Marina,24,Virgilio Sagese-Saracino
80557,Psicología Canina,23,Jamie Marshall
220757,Cocina Molecular,27,Mia Sexton
81979,Cocina Molecular,29,Gabriele Gregori-Sandi
239986,Filosofía Cuántica,29,Gabriella Camanni-Gentilini
215129,Turismo Espacial,25,Armida Acedo Escrivá
74403,Historia del Universo Paralelo,23,Felipa de Zapata
21761,Diseño de Moda Intergaláctica,20,Justin Brewer
230540,Filosofía Cuántica,24,Dr. Erica Hopkins
27768,Biología Marina,25,Pierina Palladio
107396,Teoría Práctica,24,Renata Calgari
18688,Psicología Canina,18,Ryan Osborn
154608,Biología Marina,27,Pier Benigni
101402,Teoría Práctica,27,Michael Moon
212851,Turismo Espacial,24,Gloria Magnani-Marcacci
60388,Teoría Práctica,23,Vinicio Ayllón-Nebot
123421,Biología Marina,20,Joel Martinez Durán
242674,Música para Plantas,18,Cipriano Tonisto
101052,Cocina Molecular,23,Benigno Burgos-Lledó
89579,Psicología Canina,23,Kimberly Proctor
4096,Artes del Café,30,Lisa Graves
80490,Turismo Espacial,28,Adam Lewis
41297,Artes del Café,29,Pellegrino Filippini
3790,Música para Plantas,28,Galasso Vidoni
111909,Teoría Práctica,28,Custodio Ángel Montenegro
174042,Cocina Molecular,25,Sig.ra Milena Lucciano
130950,Historia del Universo Paralelo,19,Dott. Arnulfo Finetti
172256,Biología Marina,28,Darlene Phillips DVM
129381,Psicología Canina,24,Annamaria Nicolini-Costalonga
3213,Psicología Canina,30,Imelda Micca
166911,Diseño de Moda Intergaláctica,19,Thomas Pierce
53148,Artes del Café,22,Isaac Pons
71347,Turismo Espacial,28,Teresa Zecchini
184213,Filosofía Cuántica,19,Geraldo Ponce Millán
214389,Teoría Práctica,19,Olivia Welch
241777,Historia del Universo Paralelo,18,Ricarda Samper Seco
224995,Psicología Canina,28,Úrsula Casares Montserrat
38337,Artes del Café,26,Bruce Jones
76545,Psicología Canina,20,Toribio Gargallo Galán
95126,Filosofía Cuántica,24,Dario Bonino
62155,Cocina Molecular,29,Bryan Roberts
155150,Psicología Canina,26,Venancio Lombardo
167889,Música para Plantas,28,Allison Wright
48760,Turismo Espacial,21,Melanie Schultz
160746,Cocina Molecular,21,Sandro Marrone
7367,Biología Marina,19,Teresa Canevascini
208732,Filosofía Cuántica,20,Ruggero Lettiere-Rossellini
88289,Turismo Espacial,25,Luciana Cabrini
54082,Cocina Molecular,29,Graciano Soriano-Carrasco
183554,Cocina Molecular,18,Jordán Vilaplana Palau
48157,Filosofía Cuántica,19,Linda Harris
16592,Psicología Canina,26,Daniel Duran
124182,Filosofía Cuántica,23,Tanya Henry
101649,Cocina Molecular,18,Torquato Lerner-Deledda
214924,Biología Marina,27,Jeanette Murphy
177870,Música para Plantas,27,Thomas Walker
119133,Cocina Molecular,23,Maxi Oller Almagro
24012,Cocina Molecular,21,Vanesa Huguet Gibert
228868,Cocina Molecular,22,Dr. Melvin Holland
42154,Biología Marina,23,Lara Reguera Carballo
48447,Diseño de Moda Intergaláctica,19,Catalina del Mármol
140007,Teoría Práctica,29,Sig.ra Teresa Panzera
73368,Turismo Espacial,18,Jacob Bishop
217400,Biología Marina,29,Laura Alexander
119780,Diseño de Moda Intergaláctica,18,Marco Lucena Carrasco
101884,Diseño de Moda Intergaláctica,23,Lilla Ludovisi
147397,Biología Marina,19,Olivia Valdés-Samper
226440,Historia del Universo Paralelo,30,Carmelo Cagnotto
90586,Turismo Espacial,18,Melissa Buonauro-Florio
1610,Cocina Molecular,19,Ninetta Zampa
182670,Historia del Universo Paralelo,27,Lucrezia Murri
82876,Biología Marina,28,Raymond Mullins
148677,Música para Plantas,24,Gianmarco Telesio
101218,Música para Plantas,19,Sarah Clark
169773,Artes del Café,29,Eli Barral Lucas
183039,Biología Marina,28,Adelina Manrique
32058,Biología Marina,21,Caterina Garrone
101634,Cocina Molecular,18,Fabio Recio Nicolau
231007,Psicología Canina,27,David Bates
161442,Turismo Espacial,27,Charles Taylor
166947,Cocina Molecular,24,Ofelia Noguera
177905,Psicología Canina,23,Sherry Miller
111173,Historia del Universo Paralelo,26,Plácido Amador Bermejo
129533,Psicología Canina,18,Nerea Milagros Gascón Torrents
84169,Cocina Molecular,27,Albert Arce Clemente
229036,Diseño de Moda Intergaláctica,28,Deanna Scott
106330,Psicología Canina,19,Martina Barceló Ferrán
27457,Diseño de Moda Intergaláctica,18,Elmo Scarpa
41075,Turismo Espacial,23,Dale Obrien
144409,Biología Marina,30,Camillo Sauli
32629,Teoría Práctica,27,Erik Ramirez
2272,Teoría Práctica,23,Carlos Watson
109536,Biología Marina,20,Patrick Booker
159922,Historia del Universo Paralelo,22,Maria Comeriato
2503,Historia del Universo Paralelo,29,Valentina Espinosa
27652,Psicología Canina,22,Ashley Gray
204139,Cocina Molecular,30,Joseph Garcia
234207,Teoría Práctica,26,René Criado Castejón
10609,Historia del Universo Paralelo,22,Zaira Franceschi
14926,Artes del Café,30,Brittany Porter
232880,Teoría Práctica,23,Carlos Trujillo Briones
126487,Psicología Canina,23,James Lamb
149695,Teoría Práctica,18,Rachel Dean
179667,Teoría Práctica,21,Anabel Acuña Higueras
152482,Turismo Espacial,24,James Decker
61740,Psicología Canina,30,Evelia Salmerón Pino
39871,Diseño de Moda Intergaláctica,27,Alphons Curiel
178120,Psicología Canina,29,Telemaco Salgari
202918,Cocina Molecular,23,Jeremías Querol Sanchez
99759,Artes del Café,18,Michael Williams
238371,Música para Plantas,21,Benjamín Casanova Guillén
201551,Turismo Espacial,28,Dustin Anderson
35608,Psicología Canina,28,Dott. Gioele Travia
176055,Diseño de Moda Intergaláctica,24,Kathryn White
238369,Biología Marina,25,Vincent Conrad
216937,Cocina Molecular,30,Ryan Crawford
133886,Cocina Molecular,30,Julia Fuentes
182253,Diseño de Moda Intergaláctica,27,Chiara Bernardi
208578,Música para Plantas,24,Berenice Cavanna-Manunta
248420,Música para Plantas,29,Zachary Harris
121708,Diseño de Moda Intergaláctica,29,Bianca Borzomì
39969,Historia del Universo Paralelo,24,Imelda Mastroianni
214018,Diseño de Moda Intergaláctica,26,Lori Parks
33258,Filosofía Cuántica,25,Julieta del Casanova
44953,Psicología Canina,26,Justin Thomas
9743,Artes del Café,27,Benvenuto Zaccardo
173469,Filosofía Cuántica,19,Amaya del Mendizábal
133137,Turismo Espacial,20,Sig. Enzio Zecchini
99383,Cocina Molecular,19,Cathy Patrick
95139,Artes del Café,25,Barbara Davenport
227613,Filosofía Cuántica,26,Anna Ayllón Maestre
159314,Cocina Molecular,28,Olga Deledda
8811,Turismo Espacial,20,Laura Stephens
161028,Diseño de Moda Intergaláctica,27,Steve Reed
80287,Biología Marina,20,Dott. Pierina Pareto
41824,Historia del Universo Paralelo,24,Elvira Maldonado Almagro
50652,Música para Plantas,24,Alina Pavarotti
172164,Teoría Práctica,19,Jesusa de Oller
5861,Filosofía Cuántica,23,Atenulf Sagnelli
212320,Artes del Café,19,Dott. Paola Pizzo
155258,Artes del Café,19,Pedro Branch
123794,Filosofía Cuántica,19,Elizabeth Simpson
248048,Cocina Molecular,18,Debbie Berry
44056,Cocina Molecular,21,Sig. Fulvio Duodo
41662,Música para Plantas,30,Brian Rodriguez
223306,Teoría Práctica,20,Daniel Alberdi-Frías
122200,Teoría Práctica,19,Jon Joseph
63715,Diseño de Moda Intergaláctica,28,Rebecca Estes
223285,Diseño de Moda Intergaláctica,21,Cynthia Baker
57355,Música para Plantas,25,Arnulfo Finetti-Vattimo
84082,Música para Plantas,23,Brian Powell
137175,Historia del Universo Paralelo,24,Margaret Moore
241572,Psicología Canina,23,Anna Barber
63088,Psicología Canina,18,Loreto de Sevilla
195318,Historia del Universo Paralelo,24,Hipólito Luz
157722,Historia del Universo Paralelo,26,Claudia Azorin Manso
137855,Diseño de Moda Intergaláctica,21,Micheletto Accardo
12682,Psicología Canina,22,Rodolfo Antonucci
119789,Historia del Universo Paralelo,24,Marta Tamburini
249,Filosofía Cuántica,19,Carl Smith
19730,Diseño de Moda Intergaláctica,24,Aldo Ruberto
185543,Turismo Espacial,30,Emigdio Martí Aguado
117145,Teoría Práctica,29,Che Morán Lara
7307,Artes del Café,29,Christopher Rivera
173280,Filosofía Cuántica,25,Sig.ra Lina Donini
193278,Cocina Molecular,23,Ramona Maggioli
167343,Música para Plantas,27,Sheila Fisher
8833,Cocina Molecular,27,Fiamma Grossi
132432,Artes del Café,30,Hugo Tartaglia-Bernini
193883,Psicología Canina,20,Lalo del Estévez
163217,Psicología Canina,30,Michelangelo Franceschi
198536,Teoría Práctica,28,Nereida Quintero Bauzà
190507,Cocina Molecular,23,Nathan Barton
142003,Música para Plantas,21,Elba Blazquez Martin
10106,Turismo Espacial,19,Brian Green
110769,Historia del Universo Paralelo,23,Emma Collodi
235387,Cocina Molecular,18,Robert Gaines
52618,Turismo Espacial,27,William Cruz
24984,Diseño de Moda Intergaláctica,29,Stefania Varano
235549,Turismo Espacial,22,Joan Galván-Ocaña
141582,Turismo Espacial,22,Luis Fleming
21681,Diseño de Moda Intergaláctica,18,Mónica Pazos Vara
46326,Historia del Universo Paralelo,18,Ruth Juana Folch Manuel
244368,Historia del Universo Paralelo,28,Catalina Díaz-Conde
170859,Teoría Práctica,27,Shannon Morrison
95445,Cocina Molecular,23,Jennifer Green
212043,Historia del Universo Paralelo,21,Ippazio Spadafora
20582,Artes del Café,26,Spencer Garrett
74461,Biología Marina,22,Alexis Flores
66298,Artes del Café,28,Hunter Graves
219979,Historia del Universo Paralelo,26,Cipriano Mascaró
246533,Historia del Universo Paralelo,19,Cassandra Barzini
75477,Teoría Práctica,30,Lazzaro Panatta
9653,Teoría Práctica,18,Reyes del Cano
224580,Filosofía Cuántica,22,Bárbara Barba Manjón
120755,Filosofía Cuántica,22,José Mendez-Arrieta
31752,Diseño de Moda Intergaláctica,23,Maria Evans
23307,Artes del Café,28,Sig.ra Filippa Callegari
147109,Diseño de Moda Intergaláctica,18,Abigaíl Alcalá Iglesia
164326,Teoría Práctica,23,Cecilia Lamborghini
240763,Música para Plantas,25,Nathan Guzman
94535,Cocina Molecular,28,Nicanor Bayo Téllez
153301,Turismo Espacial,27,Ettore Babbo-Doglioni
199026,Filosofía Cuántica,24,Giorgio Casagrande-Borsiere
97092,Historia del Universo Paralelo,30,Dionisio Monreal Pastor
152073,Teoría Práctica,28,Melchor Villegas Bárcena
63047,Historia del Universo Paralelo,19,Serafina Ruggieri-Monduzzi
118498,Biología Marina,22,Paride Tiepolo
34020,Artes del Café,21,Sarah Bryan
199735,Historia del Universo Paralelo,20,Rebecca Robertson
172794,Historia del Universo Paralelo,30,Etelvina Pascual Medina
145633,Cocina Molecular,19,Alejo Verdugo Capdevila
13903,Biología Marina,28,Torquato Argentero
112278,Psicología Canina,18,Graciela de Salvà
46935,Diseño de Moda Intergaláctica,29,Ale Marqués Aguado
237935,Biología Marina,24,Vincentio Petrassi
69056,Turismo Espacial,24,Manu Mena
28669,Biología Marina,28,Antonietta Tiepolo
100267,Turismo Espacial,22,Brandon Jacobs
130385,Biología Marina,26,Brian Mcintosh
169928,Filosofía Cuántica,25,Ciro Herminio Cervera Arribas
171863,Música para Plantas,29,Trinidad Lago Sáez
224192,Biología Marina,27,Cristina Renzi
193323,Biología Marina,26,Abilio Chaparro Criado
28128,Diseño de Moda Intergaláctica,28,Sig. Danilo Franceschi
23749,Diseño de Moda Intergaláctica,20,Dott. Camilla Eco
2335,Música para Plantas,27,Mark Scott
185851,Filosofía Cuántica,18,Cesare Duse
14371,Historia del Universo Paralelo,29,Encarnita Celestina Arroyo Navarrete
98575,Filosofía Cuántica,19,Guarino Greco
106403,Música para Plantas,24,Rembrandt Pepe
202784,Música para Plantas,23,Heather Frazier
83966,Cocina Molecular,23,Sarah Parker
177508,Artes del Café,26,Borja de Abella
1339,Diseño de Moda Intergaláctica,24,Roberto Lopresti
174362,Filosofía Cuántica,20,Silvestro Giammusso
132443,Turismo Espacial,22,Cándida Sanmartín Esparza
93899,Diseño de Moda Intergaláctica,20,Verónica Fonseca Guillen
24678,Teoría Práctica,26,Sig.ra Etta Pelli
58629,Filosofía Cuántica,22,Maria Paoletti
112074,Filosofía Cuántica,29,Denise Spencer
9670,Teoría Práctica,20,Vincenzo Gagliardi
100247,Teoría Práctica,25,Silvio Jovinelli
193436,Diseño de Moda Intergaláctica,25,Isabella Infantino-Manacorda
236565,Historia del Universo Paralelo,20,Adela Bolaños-Lasa
173293,Historia del Universo Paralelo,18,Marta Crispi
228128,Teoría Práctica,25,Thomas Weaver
1701,Diseño de Moda Intergaláctica,18,Stacey Rivers
25696,Filosofía Cuántica,29,Alessio Roero
162873,Cocina Molecular,29,Stephanie Whitney
17308,Teoría Práctica,29,Tadeo Amador Alberola
179974,Turismo Espacial,19,Thomas Petersen
59410,Teoría Práctica,28,Emilio Innocenti
153037,Psicología Canina,24,Adriana Malpighi
149849,Artes del Café,22,Alicia Crawford
105256,Diseño de Moda Intergaláctica,25,Gianmarco Morpurgo
120550,Historia del Universo Paralelo,18,Marina Interminei
186593,Historia del Universo Paralelo,21,Sig.ra Angelina Andreotti
32461,Artes del Café,18,Patrick Butler
16712,Diseño de Moda Intergaláctica,30,Jonathan Mills
174460,Turismo Espacial,30,Andrew Rogers
134871,Teoría Práctica,30,Robert Ayala
870,Música para Plantas,29,Samuel Nelson
247652,Biología Marina,22,Luke Adams
75996,Historia del Universo Paralelo,26,Ottavio Bongiorno
71941,Música para Plantas,25,Camilla Basso
200802,Psicología Canina,27,Yesenia Delacruz
224392,Historia del Universo Paralelo,25,Sig.ra Luciana Liverotti
203889,Historia del Universo Paralelo,27,Leticia Nadia Francisco Roselló
203740,Psicología Canina,27,Anabel Bárbara Neira Carrión
112021,Música para Plantas,27,Rolando Vento
164814,Filosofía Cuántica,19,Sergio del Menendez
84697,Filosofía Cuántica,22,Sabatino Gulotta-Gianetti
230953,Historia del Universo Paralelo,26,Amedeo Endrizzi
94152,Historia del Universo Paralelo,22,Carla Bignardi
60871,Diseño de Moda Intergaláctica,23,Marissa Dillon
199617,Historia del Universo Paralelo,24,Delia Calatayud Arjona
141175,Turismo Espacial,28,Nazaret Sáez Arnau
239582,Música para Plantas,20,Angela Mayo
33530,Psicología Canina,19,Patrick Donovan
72481,Historia del Universo Paralelo,30,Alina Celentano
176623,Biología Marina,21,Andrew Michael
47777,Filosofía Cuántica,29,Dott. Amadeo Gargallo
241640,Teoría Práctica,19,Caterina Calvo
241227,Cocina Molecular,18,Raffaello Vivaldi
19319,Historia del Universo Paralelo,19,Paige Nunez
193589,Historia del Universo Paralelo,21,Dott. Ugo Majorana
134182,Psicología Canina,25,Álvaro Castilla Monreal
137601,Artes del Café,26,Vittorio Berlusconi
179009,Biología Marina,23,Dott. Victoria Majewski
20234,Teoría Práctica,19,Delfino Tanzini
1967,Psicología Canina,27,Chuy Victoriano Herranz Torralba
182204,Historia del Universo Paralelo,18,Annamaria Cadorna
150842,Biología Marina,28,Kristen Gaines
5644,Cocina Molecular,29,Rico Casas Rivero
139051,Psicología Canina,24,Sean Moore
136376,Diseño de Moda Intergaláctica,22,Sig.ra Melina Interiano
154220,Historia del Universo Paralelo,20,Juan Francisco Abad Mateo
211615,Diseño de Moda Intergaláctica,30,Julián Blasco Isern
143779,Cocina Molecular,28,Rafael de Castells
201155,Filosofía Cuántica,24,Dott. Sylvia Nolcini
97844,Psicología Canina,30,Jasmine Gibson
144349,Psicología Canina,28,Julieta Morera Bartolomé
14809,Psicología Canina,29,Justin Henderson
108722,Biología Marina,21,Valerio Soderini
12102,Cocina Molecular,23,Teresita Ocaña Catalá
178117,Filosofía Cuántica,23,Cirino Tejero-Lobo
200937,Diseño de Moda Intergaláctica,20,Anthony Weeks
70207,Música para Plantas,28,Edwin Reynolds
95846,Filosofía Cuántica,25,Marcella Malatesta
49643,Artes del Café,27,Marisa Gabbana
151263,Turismo Espacial,30,Sig. Gianpaolo Romano
227787,Turismo Espacial,27,Nadia del Rozas
86590,Artes del Café,29,Andrew Patterson
241154,Diseño de Moda Intergaláctica,18,Eleuterio Colom Alarcón
1724,Artes del Café,23,Diana Salinas
86484,Psicología Canina,29,Flavia Sobrero
108472,Música para Plantas,20,Amalia Fracci
213207,Filosofía Cuántica,28,Monique Knox
203716,Psicología Canina,30,David Lopez
18747,Teoría Práctica,24,Susana Leandra Villalonga Gutierrez
59380,Turismo Espacial,27,Renato Alfonso Tudela Ferrera
107363,Música para Plantas,19,Craig Dunn
241084,Cocina Molecular,27,Juan King
150481,Turismo Espacial,24,Amanda Webb
215730,Cocina Molecular,25,Steven Conway
206127,Psicología Canina,29,Ryan Rivera MD
228412,Teoría Práctica,25,Anthony Chambers
214595,Teoría Práctica,20,Tiburcio Graciano Tejada Macías
212575,Turismo Espacial,28,Angelica Correr
185359,Psicología Canina,21,Silvia Zanzi
116284,Psicología Canina,18,Marcello Marino
14186,Psicología Canina,30,Alessandra Scarpetta
203185,Música para Plantas,29,Angela Lam
243858,Diseño de Moda Intergaláctica,29,Matilde Yáñez-Galindo
42298,Teoría Práctica,23,Steven Brandt
27819,Historia del Universo Paralelo,28,Julio Olmedo
159996,Biología Marina,29,Cirillo Cuzzocrea
111788,Biología Marina,26,Verónica Zurita Baños
58486,Biología Marina,19,Jim Jones
14892,Filosofía Cuántica,27,Christopher Escobar
84498,Cocina Molecular,22,Nicholas Chung
175275,Biología Marina,22,Elizabeth Mcbride
41278,Biología Marina,30,Teo Aparicio Sotelo
69370,Música para Plantas,23,Dott. Donato Norbiato
61677,Psicología Canina,30,Alex Fields
124242,Turismo Espacial,26,Natalie Vasquez
132058,Turismo Espacial,28,Arcelia Plana Otero
121229,Música para Plantas,27,Javi Simó Expósito
61196,Cocina Molecular,27,Bibiana Bou Montes
202211,Psicología Canina,27,Adele Crespi
240583,Cocina Molecular,18,Virginia Avogadro
117857,Psicología Canina,25,Ricardo Miró Cerezo
129727,Diseño de Moda Intergaláctica,26,Regina Clark
91699,Música para Plantas,18,Jose Carlos Agudo Estevez
236284,Psicología Canina,19,Fernando Adams
159920,Biología Marina,27,Elisa Sabater Pastor
211149,Artes del Café,21,Imelda Boldù
243595,Psicología Canina,28,Giada Ossola-Tolentino
72646,Diseño de Moda Intergaláctica,25,Dionisia Armas Belda
30530,Biología Marina,28,Lisa Anderson
244223,Turismo Espacial,30,Debra Webb
111977,Artes del Café,21,Abraham Porta Sáez
84084,Filosofía Cuántica,26,Giustino Togliatti-Segni
219528,Diseño de Moda Intergaláctica,28,Charo Pazos Saavedra
4062,Teoría Práctica,30,Traci Tyler
3530,Biología Marina,28,Patrick Vincent
131906,Historia del Universo Paralelo,21,Yolanda Mcdonald
123555,Historia del Universo Paralelo,27,Paca Morillo Alberto
133236,Turismo Espacial,25,Maria Douglas
129694,Diseño de Moda Intergaláctica,27,Gianpaolo Legnante
157140,Artes del Café,18,Ermenegildo Cibin
175924,Artes del Café,20,Sig. Napoleone Mazzanti
122037,Artes del Café,23,Vanesa Múgica Alarcón
126289,Psicología Canina,23,Micheal Gilbert
155645,Teoría Práctica,30,Samantha Bailey
195050,Artes del Café,19,Brandi Hill
116133,Cocina Molecular,22,Livio Morrocco
165595,Teoría Práctica,24,Nicole Phillips
65577,Teoría Práctica,19,Dionisia Alcázar Berenguer
142000,Turismo Espacial,29,Beatriz Linares Pedraza
69845,Artes del Café,26,Chucho del Bautista
153364,Psicología Canina,19,Lidia Borghese
181799,Diseño de Moda Intergaláctica,20,Aitana Guiomar Arnal Vilaplana
8584,Filosofía Cuántica,26,Dott. Donatella Morpurgo
56850,Psicología Canina,29,Walter Goodman
40052,Psicología Canina,30,Calixta Elías Mayoral
153767,Artes del Café,21,Billy Saunders
23175,Cocina Molecular,30,Raimondo Endrizzi
174599,Psicología Canina,23,Timothy Hamilton
31156,Diseño de Moda Intergaláctica,23,Eva Farnese
202857,Teoría Práctica,23,Fedele Pirandello
134619,Artes del Café,25,Simonetta Barracco-Lippomano
203261,Psicología Canina,18,Claudia Zacchia
61918,Diseño de Moda Intergaláctica,18,Puccio Ortese
22619,Cocina Molecular,29,Amanda Richardson
111580,Cocina Molecular,21,Sig.ra Annetta Pizzetti
182706,Psicología Canina,29,Mary Farrell
38923,Música para Plantas,25,Lina Riccati
213393,Teoría Práctica,24,Amy Garcia
164931,Música para Plantas,21,Kari Harvey
220867,Biología Marina,21,Mirko Zeffirelli
149785,Música para Plantas,19,Casey Rodriguez
24389,Cocina Molecular,23,Sergio Oller Zaragoza
49921,Historia del Universo Paralelo,26,Severino Benet Arévalo
152210,Cocina Molecular,28,Jessica Cox
104561,Cocina Molecular,23,Ale Cerdán
148908,Filosofía Cuántica,24,Salvador Bastida Cabrera
141421,Teoría Práctica,28,Cruz Múñiz-Santana
187385,Psicología Canina,30,Natalia Trezzini
94836,Turismo Espacial,25,Lupe Tecla Mateu Pont
35882,Turismo Espacial,21,Joel Sherman
217103,Teoría Práctica,20,Angelica Virgilio
182833,Turismo Espacial,22,Ashley Jones DDS
5441,Teoría Práctica,18,Ermes Ajello
94985,Artes del Café,29,Alison Davis
90467,Cocina Molecular,19,Ale Velázquez Gonzalo
145917,Psicología Canina,19,Raquel de Berenguer
227766,Música para Plantas,23,Alma Ledesma-Villalobos
162498,Diseño de Moda Intergaláctica,26,Joseph Stevenson
123033,Artes del Café,29,Brittany Chang
8420,Diseño de Moda Intergaláctica,22,Sig.ra Amalia Padovano
29511,Música para Plantas,27,Nedda Scalfaro
10071,Cocina Molecular,18,Anthony Little
42308,Teoría Práctica,23,Hilario Haro-Torres
190858,Historia del Universo Paralelo,29,Adelina Sanabria-Daza
97248,Turismo Espacial,20,Dott. Aria Marangoni
108143,Cocina Molecular,30,Adriano Cicilia
80414,Música para Plantas,29,Luciana Broggini
193227,Cocina Molecular,20,Dr. Sarah Johnson
54013,Diseño de Moda Intergaláctica,24,Jason Harrison
95747,Teoría Práctica,23,Sig.ra Sonia Baglioni
203801,Teoría Práctica,29,Emelina Becerra
139235,Filosofía Cuántica,29,Esmeralda Gutiérrez Ochoa
149973,Turismo Espacial,25,Merche Sans-Castrillo
32880,Turismo Espacial,24,Cristian de Calvet
31753,Historia del Universo Paralelo,29,Monica Briggs
4308,Psicología Canina,25,Eladio de Villa
204087,Teoría Práctica,21,Lynn Lyons
126413,Psicología Canina,21,Emiliano de Tomás
13090,Artes del Café,22,Giacobbe Nadi
221442,Historia del Universo Paralelo,27,José Goñi Polo
101689,Artes del Café,22,Charles Salas
196833,Biología Marina,19,Danielle Brooks
229531,Cocina Molecular,18,Judy Johnson
65435,Cocina Molecular,21,Etta Spanevello
191329,Diseño de Moda Intergaláctica,21,Michael Garcia
95663,Psicología Canina,30,Petrona Flor
35010,Biología Marina,19,Marcelo Ropero Verdugo
207298,Filosofía Cuántica,21,Romolo Mercadante
37992,Diseño de Moda Intergaláctica,28,Cesar Diaz Delgado
62149,Teoría Práctica,29,Diane Taylor
106478,Historia del Universo Paralelo,20,Anna Anderson
199944,Biología Marina,23,James Rodriguez
113401,Biología Marina,25,Cornelio Castañeda Guardiola
34137,Filosofía Cuántica,20,Mattia Pontecorvo
126719,Cocina Molecular,25,Eli Maricruz Hidalgo Bustos
117103,Diseño de Moda Intergaláctica,27,Jeffrey Watts
8702,Biología Marina,26,Natalia Muti
214705,Diseño de Moda Intergaláctica,22,Isaac de Peinado
174165,Psicología Canina,20,Alderano Moneta
194528,Música para Plantas,23,Joseph Williams
80269,Artes del Café,28,Eric Ballester Figueras
221281,Historia del Universo Paralelo,21,Ana Sofía Herranz-Zabaleta
20588,Turismo Espacial,25,Marisa Pignatti-Gualandi
65528,Historia del Universo Paralelo,18,Sherry Chase
99414,Diseño de Moda Intergaláctica,21,Cheryl Wheeler
168557,Historia del Universo Paralelo,25,Telemaco Pizzetti
173078,Biología Marina,26,Sig. Leone Bignardi
1851,Música para Plantas,28,Bettina Tamborini
130771,Diseño de Moda Intergaláctica,26,Cebrián Quero Palacio
31240,Música para Plantas,28,Alan Valenzuela
135155,Artes del Café,25,Jacinta Núñez Quintanilla
22905,Filosofía Cuántica,29,Macario Madrigal Salom
8509,Turismo Espacial,23,Joshua Cummings
109563,Historia del Universo Paralelo,30,Joshua Frank
163751,Teoría Práctica,30,Valentina Mora Lamas
191490,Historia del Universo Paralelo,25,Eugenia Battisti
3952,Cocina Molecular,27,Donato Vélez-Zurita
229056,Psicología Canina,22,Laura Mckenzie
241547,Psicología Canina,21,Sig. Giorgio Fracci
233542,Filosofía Cuántica,19,Marta Antonelli
175024,Historia del Universo Paralelo,29,Valerio Amo Rubio
59936,Biología Marina,30,Jennifer Thompson
112429,Cocina Molecular,28,Lazzaro Cabibbo
3635,Artes del Café,26,Candelario Vaquero
220263,Artes del Café,25,Alexa Stephens
48793,Psicología Canina,28,Flora Castelli
172016,Artes del Café,26,Blanca Porras Haro
38717,Psicología Canina,29,Armando Guijarro Cortes
144309,Artes del Café,27,Amadeo Botticelli
77125,Diseño de Moda Intergaláctica,19,Ruperta Abril Medina
39664,Cocina Molecular,18,Arsenio Arco Garay
150605,Filosofía Cuántica,21,James Vaughan
114776,Biología Marina,28,Ubaldo Gadda
230551,Artes del Café,26,Dino Parisi
105586,Teoría Práctica,22,Romina Antonelli
37782,Artes del Café,21,Clelia Morosini
90203,Psicología Canina,18,Marc Fortunato Vergara Teruel
4519,Biología Marina,25,Ruggiero Giannini
5676,Historia del Universo Paralelo,23,Adolfo Arteaga
176937,Artes del Café,26,Omar Borja Becerra Acedo
186437,Música para Plantas,27,Ansaldo Ricci
249331,Artes del Café,18,Ennio Amato
154915,Psicología Canina,23,Gioacchino Perini-Ferraris
225774,Turismo Espacial,26,Sig.ra Stella Scotto
64632,Música para Plantas,29,Nicholas Carr
212968,Música para Plantas,25,Maristela Campoy Boix
195723,Diseño de Moda Intergaláctica,21,Osvaldo Trevisani
28291,Cocina Molecular,27,Jose de Pinilla
242745,Psicología Canina,29,Federico Franco Portero
118850,Biología Marina,19,Allen Ali
117873,Turismo Espacial,30,Amanda Gilbert
24813,Psicología Canina,24,Jennifer Bailey
83709,Música para Plantas,27,Melinda Clark
164684,Artes del Café,28,Amalia Dulce Pons Arjona
219468,Turismo Espacial,20,Tonia Cuzzocrea-Cainero
213073,Filosofía Cuántica,25,Corrado Cabrini
202921,Psicología Canina,24,Baccio Vercelloni-Grossi
55953,Cocina Molecular,20,Michael Hernandez
53538,Música para Plantas,23,Tracey Bean
98364,Artes del Café,25,Ángeles Bárcena Carbajo
15764,Diseño de Moda Intergaláctica,26,Vickie Williams
100445,Psicología Canina,22,Lilla Bettin
189204,Artes del Café,24,Joshua Hayes
241444,Artes del Café,25,Robert Morris
191399,Psicología Canina,21,Concepción Larrañaga Castañeda
136672,Turismo Espacial,23,Piergiuseppe Einaudi
169313,Turismo Espacial,19,Pelayo Heredia Campoy
198461,Historia del Universo Paralelo,24,Angelina Acevedo Mulet
78822,Artes del Café,20,Lilia Goñi Oliver
102775,Teoría Práctica,25,Jordi Viña Rosales
46820,Biología Marina,30,Alberto Turati
177269,Diseño de Moda Intergaláctica,18,Amedeo Morucci
52064,Turismo Espacial,21,Gloria Ross
89282,Biología Marina,29,Benito Bacosi-Tamburini
68657,Turismo Espacial,18,Daniel Morris
243312,Cocina Molecular,22,Nerea Cuervo Cobos
150924,Diseño de Moda Intergaláctica,25,Macarena Adelia Briones Perea
238325,Música para Plantas,19,Zacarías Amorós Torralba
59180,Historia del Universo Paralelo,25,Bruno Carmona Alcázar
21701,Teoría Práctica,27,Filippa Comencini
135646,Historia del Universo Paralelo,27,Timothy Martin
198576,Música para Plantas,18,Ramona Tafuri
209911,Filosofía Cuántica,25,Justin Adams
5109,Psicología Canina,29,Valeria Musatti
184306,Filosofía Cuántica,25,Cirino Barco Anguita
111693,Música para Plantas,21,Maxi Maza Otero
73694,Teoría Práctica,24,Emma Endrizzi
187575,Diseño de Moda Intergaláctica,23,Candelario Bosch-Pozo
79519,Biología Marina,25,Sig. Augusto Zichichi
81930,Diseño de Moda Intergaláctica,25,Salud Llopis Aliaga
5471,Teoría Práctica,27,Rodolfo Balla
81247,Filosofía Cuántica,24,Nathan Baird
45664,Historia del Universo Paralelo,29,Filippo Stein
154759,Filosofía Cuántica,29,Gianluigi Scotti
180056,Psicología Canina,25,Tracy Page
131197,Diseño de Moda Intergaláctica,28,Anita Anguissola
68044,Diseño de Moda Intergaláctica,21,Ryan Long
232582,Historia del Universo Paralelo,21,Annetta Monduzzi
89769,Turismo Espacial,30,Karen Becker
81654,Historia del Universo Paralelo,23,Silvio Canevascini
59113,Turismo Espacial,25,Ambrosio Valencia Mateu
137565,Música para Plantas,21,Philip Knapp
118313,Psicología Canina,30,Dott. Girolamo Fantoni
159755,Biología Marina,28,Miguel Riquelme
110203,Diseño de Moda Intergaláctica,26,Sabrina Garcia
115081,Historia del Universo Paralelo,19,Alexis Flowers
168891,Historia del Universo Paralelo,23,Valerio Camanni
56683,Teoría Práctica,30,Pastor Segarra Valls
35905,Artes del Café,30,Toribio de Arranz
80848,Cocina Molecular,26,Sig. Amedeo Greggio
145173,Turismo Espacial,19,Cindy Johnson
206657,Biología Marina,30,Liberto Ariosto
139886,Historia del Universo Paralelo,22,Terry Church
176838,Diseño de Moda Intergaláctica,25,Pasquale Mazzacurati
11013,Filosofía Cuántica,18,Dr. Amanda Cole
198875,Biología Marina,26,Fiorenzo Vergerio
246803,Teoría Práctica,21,Arturo Lerner
132618,Artes del Café,20,Rebecca Berger
225698,Filosofía Cuántica,21,Benigna Abril Marí
84711,Psicología Canina,29,Annibale Prati
62575,Historia del Universo Paralelo,21,Baccio Tutino
11394,Biología Marina,28,Adamo Fo
92650,Historia del Universo Paralelo,21,David Rogers
152725,Historia del Universo Paralelo,24,Susan Lawson
70426,Turismo Espacial,22,Pepe Tur Barral
220292,Cocina Molecular,21,William Davis
219278,Historia del Universo Paralelo,30,Dott. Virginia Toldo
91115,Teoría Práctica,29,Jacob Copeland
10374,Diseño de Moda Intergaláctica,22,Margherita Bongiorno-Borghese
186013,Música para Plantas,23,Elena Lamborghini
232011,Biología Marina,23,Domenico Eco
96615,Historia del Universo Paralelo,26,Joseph Price
217235,Biología Marina,23,Ani Luna Jimenez Salinas
218334,Música para Plantas,18,Nicholas Sweeney
41941,Artes del Café,25,Lilla Pelli
84068,Cocina Molecular,20,Tiziana Gagliano
8750,Cocina Molecular,26,María Teresa Bárcena Alvarez
68796,Historia del Universo Paralelo,24,Vito Fonseca-Carrera
53500,Historia del Universo Paralelo,18,Imelda Ferragamo
22778,Turismo Espacial,29,Caleb Short
19245,Artes del Café,19,Hernán Lucas
174103,Cocina Molecular,23,Joseph Graves
12663,Artes del Café,23,Lazzaro Schicchi
68040,Historia del Universo Paralelo,22,Charles Johnson
113797,Cocina Molecular,23,Lindsay Odonnell
74836,Filosofía Cuántica,26,Stephen Parrish
79639,Biología Marina,18,Berta Cañizares Pozo
217172,Teoría Práctica,25,Dott. Osvaldo Caironi
196826,Diseño de Moda Intergaláctica,25,Brad Mclean
91996,Música para Plantas,29,Hailey Moore
171969,Música para Plantas,21,Tonya Johnson
119168,Artes del Café,19,Bernardo Modiano-Matteotti
184489,Historia del Universo Paralelo,20,Nieves Figueroa Villanueva
61355,Biología Marina,26,Marisa Bernardi
55074,Psicología Canina,19,Petrona de Yáñez
27721,Diseño de Moda Intergaláctica,19,Vito del Agullo
187751,Historia del Universo Paralelo,28,Nina Cicala
167787,Turismo Espacial,19,Dionisia Gallart Arias
191748,Cocina Molecular,27,Dana Johnson
174000,Historia del Universo Paralelo,26,Dott. Adriana Collina
141538,Cocina Molecular,30,Lilla Franceschi
236100,Psicología Canina,23,Tina Fields
193700,Filosofía Cuántica,22,Valerio Filippini
145688,Artes del Café,18,Claudia Giulietti
231745,Filosofía Cuántica,22,Evangelista Tarchetti
171737,Música para Plantas,30,David Maxwell
35836,Música para Plantas,21,Richard Hernandez
50483,Turismo Espacial,18,Nina Sismondi
80330,Biología Marina,30,Cayetano Alarcón Valero
156019,Teoría Práctica,24,Dott. Annalisa Littizzetto
69561,Biología Marina,29,Jack Ross
72604,Música para Plantas,24,Giuliano Combi
79084,Psicología Canina,20,Griselda Agazzi
110359,Biología Marina,26,Yolanda Seguí Morillo
157899,Turismo Espacial,23,Sig.ra Beatrice Alboni
226197,Teoría Práctica,19,Rosalia Trezzini
200102,Diseño de Moda Intergaláctica,27,Clotilde Campillo Diéguez
70438,Música para Plantas,21,Pierina Grimani
34461,Diseño de Moda Intergaláctica,30,Marina Céspedes
36175,Música para Plantas,21,Sara Tran
138988,Psicología Canina,28,Emilia de Cervera
69308,Filosofía Cuántica,21,Bernarda Quevedo Rocamora
102440,Diseño de Moda Intergaláctica,21,Tullio Cabrini
94277,Teoría Práctica,21,Nicole Byrd
115620,Psicología Canina,30,Ruperta Perea Cárdenas
162450,Historia del Universo Paralelo,19,Nazaret Rovira-Cárdenas
88824,Cocina Molecular,26,Durante Pavanello
42523,Psicología Canina,29,Elizabeth Grimes
73838,Biología Marina,19,Franco Giovine-Filippini
10276,Cocina Molecular,23,Romina Chiappetta
205537,Psicología Canina,30,Sara Thomas
231869,Artes del Café,26,Sonia Monti
54792,Turismo Espacial,24,Pedro Llorens-Becerra
182,Diseño de Moda Intergaláctica,29,Arsenio Luxardo
93575,Turismo Espacial,24,Edelmiro Parra Ángel
247113,Biología Marina,28,Dott. Nedda Cheda
145943,Cocina Molecular,23,Lazzaro Donati-Vittadello
44443,Diseño de Moda Intergaláctica,22,Vanessa Warren
29411,Turismo Espacial,23,Domitila Flor Moraleda Vendrell
83289,Teoría Práctica,28,Chita Peñalver Borja
187727,Turismo Espacial,27,Riccardo Trevisani
28416,Filosofía Cuántica,25,Anita Tejedor Enríquez
113149,Turismo Espacial,25,Edwin Anderson
70095,Turismo Espacial,25,Rufino Armas Tomé
189252,Artes del Café,25,Dina Tomaselli
126767,Música para Plantas,26,Caterina Malaparte
82729,Historia del Universo Paralelo,25,Lucio Bodoni
107057,Música para Plantas,26,Dina Turrini
15955,Turismo Espacial,23,Pánfilo Eugenio Neira Galiano
186520,Psicología Canina,30,Marcio Riera
43357,Historia del Universo Paralelo,22,Biagio Peano
199847,Biología Marina,24,Alejo Blazquez
61430,Turismo Espacial,21,Brian Frey
51428,Turismo Espacial,22,Cesar Manu Catalán Portero
131483,Música para Plantas,23,Nuria Vergara Romeu
36299,Artes del Café,26,Stefano Montesano
36061,Biología Marina,26,Kevin Colon
50354,Filosofía Cuántica,24,Macaria Beltrán
144771,Cocina Molecular,24,Patricio Baños Uría
115031,Biología Marina,21,Ciro Simeoni
80817,Diseño de Moda Intergaláctica,26,Catalina del Mate
23547,Cocina Molecular,21,Alyssa Olsen
66664,Historia del Universo Paralelo,22,Lino Villegas Amat
44503,Diseño de Moda Intergaláctica,28,Tomasa Mendizábal Chamorro
192569,Historia del Universo Paralelo,30,Sonia Cammarata
126715,Filosofía Cuántica,25,Chelsea Wilson
184714,Cocina Molecular,29,Cayetano de Ibañez
32188,Artes del Café,26,Leandra Cabezas Cárdenas
9245,Diseño de Moda Intergaláctica,26,Maria Edwards MD
170248,Cocina Molecular,30,Roque Sotelo-Ochoa
108249,Filosofía Cuántica,22,Charo del Morillo
247972,Biología Marina,30,Dott. Bianca Iannotti
161373,Diseño de Moda Intergaláctica,20,Carla Udinesi
172438,Diseño de Moda Intergaláctica,25,Natalia Faugno
178642,Cocina Molecular,29,Giampaolo Padovano
78180,Diseño de Moda Intergaláctica,29,Nicole Krause
146953,Cocina Molecular,25,Mamen Núñez Baquero
95505,Cocina Molecular,21,Ramona del Bayón
84289,Música para Plantas,23,Biagio Gemito
163489,Turismo Espacial,24,Casandra Jordán Mariscal
172450,Filosofía Cuántica,23,Brandy Francis
150269,Música para Plantas,26,Jeremy Davis
225129,Música para Plantas,22,Charles Davidson
14180,Turismo Espacial,19,Manuel Harris
143513,Artes del Café,25,Valentín Santos Aragón
187347,Filosofía Cuántica,27,Antonio Henry
25424,Diseño de Moda Intergaláctica,23,Rolando Mosquera Chico
109996,Turismo Espacial,30,Pasqual Viola
249654,Diseño de Moda Intergaláctica,20,Dionisio Miguel
121008,Biología Marina,22,Bradley Coleman
118104,Historia del Universo Paralelo,29,Sig. Luchino Fagiani
34254,Turismo Espacial,29,Arsenio Boccioni
101103,Teoría Práctica,24,Garrett Woods
91984,Música para Plantas,28,Christopher Walsh
133171,Turismo Espacial,30,David Johnson
122890,Psicología Canina,25,Concha Duque Hervia
42832,Cocina Molecular,21,Íngrid Espejo Duque
95884,Biología Marina,25,Sig. Salvi Lussu
44662,Biología Marina,22,Stephanie Hernandez
70978,Cocina Molecular,25,Amalia Tedesco
121570,Filosofía Cuántica,19,Artemio Aranda Gutiérrez
162559,Artes del Café,23,Calixta Pina Calvet
102905,Teoría Práctica,22,Cristian Rius-Martorell
53633,Teoría Práctica,24,Luis Ángel Garzón Morillo
206597,Artes del Café,18,Marta Gilardoni
210675,Historia del Universo Paralelo,29,Omar Moore
222967,Psicología Canina,27,David Flores
233345,Biología Marina,30,Deanna Miranda
45118,Biología Marina,18,Sabatino Alighieri
185001,Cocina Molecular,25,Ángel Tristán Moliner Alcalá
166287,Filosofía Cuántica,22,Holly Alvarez
204867,Música para Plantas,20,Ashley Fritz
125349,Psicología Canina,19,Richard Roberts
77700,Cocina Molecular,30,Silvia Benavente Azorin
58013,Historia del Universo Paralelo,19,José Mari Roldan Cal
222837,Cocina Molecular,24,Jerry Rodriguez
68311,Cocina Molecular,26,Ivan Mercalli
111757,Psicología Canina,30,Dott. Nino Guinizzelli
204425,Filosofía Cuántica,18,Vanessa Lettiere
135404,Cocina Molecular,19,Bárbara Azcona Cano
112976,Cocina Molecular,18,Daniele Mocenigo
51273,Turismo Espacial,29,Gerónimo Puga-Cañizares
45906,Filosofía Cuántica,20,Matthew Rios
168882,Música para Plantas,29,Geronimo Fermi
186394,Artes del Café,27,Maricela de Oliva
163787,Historia del Universo Paralelo,29,Elladio Babato
43703,Diseño de Moda Intergaláctica,24,Mattia Trombetta
161732,Diseño de Moda Intergaláctica,27,Sig. Giampaolo Pizziol
98868,Biología Marina,27,Sean Bird
29157,Artes del Café,26,Ornella Farina
193829,Cocina Molecular,21,Primitivo Niño Alberto
166636,Turismo Espacial,18,Dott. Letizia Brichese
96493,Cocina Molecular,19,Julia Cox
76317,Diseño de Moda Intergaláctica,26,Renata Sagredo
52924,Biología Marina,26,Concepción Garcia Gracia
214001,Música para Plantas,30,Susan Watkins
193974,Biología Marina,25,Cindy Clark
116841,Artes del Café,26,Kenneth Peterson
211570,Turismo Espacial,24,Jennifer Potts
122131,Música para Plantas,24,Maria Tarantini
204558,Historia del Universo Paralelo,28,Elmo Barozzi
19095,Filosofía Cuántica,26,Jamie Gonzales
178600,Artes del Café,22,Estela Bernardita Mir Fonseca
199802,Música para Plantas,25,Gwendolyn Gray
140272,Artes del Café,20,Darío Llorente Barranco
38254,Diseño de Moda Intergaláctica,22,Pina Marsili
180339,Biología Marina,30,Raffaele Fusani
177017,Historia del Universo Paralelo,18,Luchino Tommaseo
82130,Biología Marina,24,Brandon Andrade
168589,Turismo Espacial,30,Susanita Alsina-Gutierrez
224654,Cocina Molecular,19,Emilio Chuy Laguna Saez
215206,Diseño de Moda Intergaláctica,29,Ilaria Cattaneo
196097,Filosofía Cuántica,29,Dott. Mariana Guglielmi
53722,Psicología Canina,24,Rachel Baker
7669,Psicología Canina,26,Durante Gullotta
78354,Artes del Café,19,Sabina Leiva Font
140001,Historia del Universo Paralelo,27,Shane Johnson
77673,Biología Marina,23,Sandro Paruta-Gasperi
194159,Psicología Canina,21,Clementina Tena Paz
145430,Turismo Espacial,25,Melissa Caldwell
63789,Cocina Molecular,22,Venancio Cabrini
115153,Cocina Molecular,19,Juan Antonio Benitez Belmonte
52938,Historia del Universo Paralelo,22,Graciano Alcaraz Duarte
193490,Diseño de Moda Intergaláctica,22,Delfino Zaccagnini
155815,Música para Plantas,27,Jeffrey Anthony
98854,Artes del Café,29,Félix Cepeda Bartolomé
216297,Psicología Canina,27,Azucena de Lledó
42285,Cocina Molecular,20,Bernardo Marcacci-Olivetti
106199,Cocina Molecular,18,Jonathan Martinez
184839,Teoría Práctica,25,Panfilo Mimun
107485,Artes del Café,26,Nathan Hopkins
134509,Biología Marina,18,Heraclio Narciso Larrea Mas
38741,Teoría Práctica,30,Ciro Plana Llano
30819,Historia del Universo Paralelo,18,Gustavo Boito
29696,Biología Marina,27,Virgilio Camacho Dávila
243686,Filosofía Cuántica,30,John Pruitt
47397,Cocina Molecular,29,April Scott
150305,Historia del Universo Paralelo,20,Roger Simon
144158,Turismo Espacial,28,Antonella Leoncavallo
220293,Diseño de Moda Intergaláctica,23,Dalila Violeta Castellanos Solé
125906,Cocina Molecular,21,Teobaldo Arana-Cuevas
98161,Teoría Práctica,25,Christian Sparks
38629,Artes del Café,22,Richard Holt
153407,Teoría Práctica,22,Raymond Cooper
7906,Filosofía Cuántica,27,Gianpaolo Campano
156638,Artes del Café,26,Cindy Rodriguez
87468,Psicología Canina,18,Ann Simpson
145127,Psicología Canina,19,Marina Rossetti
5452,Cocina Molecular,30,Marcos Pol Jaén
197562,Filosofía Cuántica,28,Rosaria Franceschi-Garzoni
247078,Psicología Canina,24,Mariana Mas Murcia
128642,Turismo Espacial,18,Kevin Hunter
80133,Artes del Café,19,Adela Serra Mesa
216356,Música para Plantas,19,Ronald Carlson
158313,Biología Marina,26,Kelsey Mccormick
54866,Biología Marina,25,Diane Greene
46900,Psicología Canina,22,Elmo Berlusconi
20300,Diseño de Moda Intergaláctica,27,Virginia Zarlino
108261,Teoría Práctica,27,Erasmo Villegas Sales
163708,Turismo Espacial,30,Jerry Hall
217395,Música para Plantas,18,Catherine Fisher
150469,Cocina Molecular,21,Vincent Obrien
141063,Diseño de Moda Intergaláctica,26,Almudena Ariza
103677,Música para Plantas,22,Micheal White
197043,Diseño de Moda Intergaláctica,30,Tracy Shaw
229061,Turismo Espacial,18,Mr. Craig Jones
185381,Turismo Espacial,29,Don Perry
222496,Música para Plantas,30,Tiffany Fletcher
136428,Turismo Espacial,25,Ninetta Bernini
159557,Filosofía Cuántica,19,Shane Villegas
20022,Biología Marina,26,Paloma Leire Águila Valenciano
214919,Turismo Espacial,30,Vincenza Pietrangeli
91695,Psicología Canina,23,Emily Miller
128874,Historia del Universo Paralelo,21,Luigi Ruffini
229800,Filosofía Cuántica,27,Patricio Prudencio Segura Valera
181831,Psicología Canina,23,Cody Carpenter
23713,Historia del Universo Paralelo,20,María Manuela Alvarez Serna
173931,Música para Plantas,26,Stefania Delle
6695,Artes del Café,29,Virginia Johnson
119021,Música para Plantas,23,Serena Castelli
224930,Artes del Café,29,Douglas Elliott
236340,Historia del Universo Paralelo,21,Pascual Fonseca Canals
191223,Cocina Molecular,28,Pelayo Garay Jover
72016,Filosofía Cuántica,25,Sig.ra Carla Fo
18845,Diseño de Moda Intergaláctica,29,Teodosio Millán Alvarado
147804,Cocina Molecular,20,Maria Wright
190179,Artes del Café,26,Giulio Fibonacci
241571,Turismo Espacial,25,Ángeles Hoz
90197,Cocina Molecular,30,Miguel Jiménez Tamayo
74802,Turismo Espacial,27,Alonso Inocencio Marco Ibáñez
239086,Filosofía Cuántica,28,Severino Desio
217205,Música para Plantas,20,Dennis Hardy
116313,Biología Marina,24,Ugolino Palladio
141071,Biología Marina,22,Leandro Ferrández
18875,Diseño de Moda Intergaláctica,28,Linda Guzman
244451,Teoría Práctica,20,Roque Bertrán
195963,Teoría Práctica,30,Riccardo Binaghi
88763,Música para Plantas,20,Shelby Donovan
120191,Teoría Práctica,29,Telmo Royo
184356,Diseño de Moda Intergaláctica,30,Dr. Darren Hudson DDS
230529,Música para Plantas,30,Tammy Castro
178936,Biología Marina,18,Xavier Evans
96649,Biología Marina,25,Adelasia Manacorda-Zacco
50057,Biología Marina,28,Javier Pedraza Jordá
38549,Artes del Café,25,Natasha Padilla
119529,Filosofía Cuántica,24,Manu de Marín
245951,Diseño de Moda Intergaláctica,19,Erica Rowland
5967,Artes del Café,28,Kendra Rivas
194030,Teoría Práctica,26,Ubaldo Borzomì
240322,Teoría Práctica,24,Pasqual Moschino
6649,Artes del Café,30,Blanca del Cantero
203298,Historia del Universo Paralelo,24,Mr. Robert Avila
173385,Cocina Molecular,23,Sig.ra Maria Cabrini
24243,Artes del Café,24,Amalia Manunta
17331,Turismo Espacial,30,Ashley Butler
58635,Turismo Espacial,23,Paolo Mascheroni-Filippini
203256,Filosofía Cuántica,21,Mrs. Heather Chavez
74444,Diseño de Moda Intergaláctica,25,Steven Carter
74060,Artes del Café,22,Leoncio Roldan Palomo
77486,Historia del Universo Paralelo,27,Temistocle Pirelli
172,Cocina Molecular,29,Fedele Sismondi
72331,Turismo Espacial,23,Gabriele Calgari
163889,Turismo Espacial,23,Maricela Tolosa Carrión
213873,Música para Plantas,29,Amanda Fallaci
231409,Artes del Café,25,Marcia Martinez Cañas
146592,Historia del Universo Paralelo,27,Christopher Bernard
87583,Psicología Canina,30,Teodosio Barberá Pellicer
173557,Cocina Molecular,27,Paride Mercati
87968,Música para Plantas,18,Briana Marsh
149216,Biología Marina,18,Asunción Pomares Gilabert
176892,Filosofía Cuántica,18,Heather Price
123931,Teoría Práctica,25,Giada Rismondo
184651,Turismo Espacial,23,Ciro Ioppi
175554,Biología Marina,29,Mrs. Jessica Holloway MD
50799,Cocina Molecular,19,Gianpaolo Mortati-Valier
242099,Psicología Canina,18,Brandon Macdonald
230228,Psicología Canina,30,Luisa Panicucci
126071,Artes del Café,29,Veronica Scalera
10662,Historia del Universo Paralelo,30,Tadeo Seco Garcia
135050,Artes del Café,19,Ennio Tacchini
53055,Psicología Canina,20,Dott. Patrizio Balbo
193710,Música para Plantas,28,Scott Sims
62954,Teoría Práctica,26,Joseph Jones
68600,Biología Marina,18,Danny Morgan
217778,Música para Plantas,22,Sarah Mejia
117537,Diseño de Moda Intergaláctica,25,Remedios Alarcón Jerez
55636,Biología Marina,18,Lisa Huerta
43454,Teoría Práctica,29,Scott Perry
246498,Cocina Molecular,23,Aureliano Cecilio Cuéllar Bayón
143640,Teoría Práctica,19,Paulina Cipolla
231542,Artes del Café,22,Joseph Rogers
197792,Filosofía Cuántica,25,Rossana Lamborghini
131613,Diseño de Moda Intergaláctica,26,Rico del Ojeda
27043,Biología Marina,29,José Navarro
9541,Teoría Práctica,21,Tiziana Mantegna-Pizzamano
44132,Artes del Café,26,Sig.ra Giada Michelangeli
142625,Música para Plantas,26,Jacobo Marco Carreras
155903,Música para Plantas,19,Troy Allen
11400,Cocina Molecular,18,Michelle Garcia
148791,Cocina Molecular,19,Roger Estrada
212808,Música para Plantas,25,Jerónimo Manrique
118367,Cocina Molecular,22,Sig.ra Angelina Trebbi
238394,Música para Plantas,18,Tammy Walker
94542,Cocina Molecular,29,Bibiana Peñas
174419,Artes del Café,27,Dante Caboto
222052,Biología Marina,24,Robert Washington
236252,Historia del Universo Paralelo,21,Ashley Martinez
26710,Psicología Canina,20,Ileana Eulalia Palomares Quintana
102630,Biología Marina,27,Pacífica Martirio Pino Llorens
151317,Diseño de Moda Intergaláctica,19,Rogelio Borrás Moll
190255,Turismo Espacial,20,Joel de Santamaría
106180,Teoría Práctica,20,Bradley Green
160091,Música para Plantas,19,Domingo Duran Márquez
19096,Cocina Molecular,25,Gelsomina Stoppani
104294,Teoría Práctica,20,Angela Tate
13914,Filosofía Cuántica,28,Adamo Petrocelli
213120,Música para Plantas,22,Germana Baggio
91403,Filosofía Cuántica,25,Gerardo del Sanjuan
248496,Música para Plantas,22,Raffaello Ginese
206545,Cocina Molecular,29,Malena Alemán
142898,Artes del Café,27,Verónica Agudo Palacios
144160,Teoría Práctica,22,Nicole Schmidt
113780,Música para Plantas,22,Fidel Pacheco Quevedo
232723,Artes del Café,30,Pamela Myers
5204,Turismo Espacial,27,Sig.ra Marisa Farinelli
165819,Filosofía Cuántica,23,Christopher Moses
244805,Cocina Molecular,24,Maria Niscoromni
209708,Psicología Canina,23,Candelario Sáenz Barco
191528,Filosofía Cuántica,23,Tatiana Mazzini
89308,Biología Marina,28,Kevin Miranda
30356,Historia del Universo Paralelo,21,Linda Mack
89196,Psicología Canina,18,Marcela Diana Jiménez Arnal
151091,Psicología Canina,19,Saverio Tartini
108035,Diseño de Moda Intergaláctica,28,Benvenuto Marangoni
180376,Psicología Canina,18,Rico Aguiló Sanmiguel
247607,Turismo Espacial,26,Xavier Maxwell
175977,Diseño de Moda Intergaláctica,26,Sig.ra Barbara Borsiere
96148,Turismo Espacial,18,Eufemia de Aguiló
152404,Turismo Espacial,30,Humberto Galindo-Blázquez
1626,Cocina Molecular,23,Melinda Schmitt
162379,Cocina Molecular,27,Genoveva Aguiló Cañas
233858,Diseño de Moda Intergaláctica,25,Armando Barral Bayón
79259,Turismo Espacial,20,Todd Martin
147167,Historia del Universo Paralelo,21,Laura Perry
60667,Artes del Café,19,Gelsomina Giorgetti
60713,Filosofía Cuántica,29,Caterina Draghi
138060,Psicología Canina,30,Soraya Buendía
193799,Filosofía Cuántica,26,Dott. Rossana Roccabonella
239084,Música para Plantas,24,Amy Newton
126232,Biología Marina,28,Raúl Bonilla Garrido
92984,Turismo Espacial,28,Graziella Bellini
248761,Música para Plantas,26,Aurelia Iñiguez Cuervo
54902,Teoría Práctica,23,Kristen Holmes
159083,Artes del Café,22,Raffaellino Spinelli-Ferrari
138125,Historia del Universo Paralelo,21,Rebecca Lopez
176346,Filosofía Cuántica,26,Jeffrey Hancock
150005,Biología Marina,24,Elizabeth Delgado
95168,Artes del Café,26,Manuela Revilla Vázquez
80631,Biología Marina,21,Milagros Guitart
74223,Filosofía Cuántica,23,Vidal del Cabanillas
169821,Artes del Café,25,Loreto Navarrete Chaves
143608,Teoría Práctica,23,Alderano Zeffirelli
67642,Historia del Universo Paralelo,18,Amy Pena
57129,Cocina Molecular,22,Andrew White
77623,Psicología Canina,18,Stephen Moore
135750,Turismo Espacial,25,Susanita Jove Bustos
39695,Filosofía Cuántica,21,Emma Cañizares
128839,Turismo Espacial,24,Salud Quero Criado
228856,Diseño de Moda Intergaláctica,25,Lamberto Canetta
58513,Música para Plantas,18,Liliana Trevisan
14659,Teoría Práctica,20,Aurelia Eva María Manrique Doménech
199410,Cocina Molecular,25,Eva Terrón Ávila
236209,Cocina Molecular,22,Manuel Luís Ferrando
128984,Historia del Universo Paralelo,23,Gregory Trujillo
34110,Diseño de Moda Intergaláctica,21,James Gibbs
113895,Biología Marina,21,Itziar Adadia-Nicolás
89430,Diseño de Moda Intergaláctica,23,Dott. Marissa Ferrara
170377,Psicología Canina,27,Carla Longhena-Doria
211448,Filosofía Cuántica,22,Ricciotti Bellocchio-Ferragni
205812,Cocina Molecular,27,Sandra Martinez
77498,Teoría Práctica,24,Jessica Chandler
33202,Artes del Café,20,Megan Douglas
19372,Turismo Espacial,29,Giampaolo Biagi
95912,Teoría Práctica,18,Raimundo Noriega Parra
120438,Teoría Práctica,25,Aureliano Camps Lerma
213422,Filosofía Cuántica,29,Cecilio Arcos Pacheco
40346,Artes del Café,24,Paca Peña
149803,Música para Plantas,26,Annunziata Venturi-Sauli
201201,Artes del Café,21,Magdalena Blázquez-Asenjo
126109,Biología Marina,27,Donald Austin
40049,Turismo Espacial,30,Matteo Lettiere
233499,Filosofía Cuántica,30,Jose Oconnell
156458,Teoría Práctica,21,Michele Corcos
158183,Cocina Molecular,29,Richard Cardenas
200021,Música para Plantas,22,Sergius Ferragamo
25838,Teoría Práctica,25,Rosalinda Figueras Crespi
126453,Biología Marina,21,Shane Ellis
161643,Psicología Canina,26,Raffaele Trupiano
238582,Psicología Canina,19,Patrizia Cagnin
146471,Psicología Canina,29,Peter Zuniga
189030,Teoría Práctica,22,James Klein
39665,Biología Marina,27,Traci Holloway
17825,Música para Plantas,28,Leah Stevenson
207165,Biología Marina,24,Aurora Blanch Sanabria
244055,Historia del Universo Paralelo,20,Toni Callegaro
109932,Música para Plantas,28,Crystal Mills
245455,Teoría Práctica,22,Sole Pertile
46784,Cocina Molecular,24,Rebecca Smith
146540,Psicología Canina,25,Emily Green
241898,Psicología Canina,25,Kike Jaume-Berrocal
43089,Teoría Práctica,25,Virginia Rueda Martí
196953,Psicología Canina,23,José Lloret Lillo
229996,Teoría Práctica,25,Teresa Guarana
20003,Artes del Café,19,Sig. Leonardo Zarlino
24887,Música para Plantas,21,Lucio Pacetti-Ottino
111140,Música para Plantas,27,Wálter Larrea Real
64895,Música para Plantas,29,Encarna Barceló
9669,Diseño de Moda Intergaláctica,19,Inés Baena Cadenas
160587,Biología Marina,26,David Harrison
27916,Filosofía Cuántica,21,Mario del Sáez
167259,Historia del Universo Paralelo,21,María Jesús Coloma Mateos
241289,Música para Plantas,19,Florina Andrés Abad
124110,Filosofía Cuántica,29,Eliana Doglioni
114154,Cocina Molecular,19,Kristy Booth
43770,Turismo Espacial,29,Odalis Belmonte Calderón
135346,Cocina Molecular,19,Maria Vianello-Ricciardi
59497,Turismo Espacial,25,Brian Shaw DDS
84979,Diseño de Moda Intergaláctica,20,Valentina Battelli
207084,Historia del Universo Paralelo,22,Joanna Washington
139827,Filosofía Cuántica,28,Sig. Tonino Contrafatto
203297,Filosofía Cuántica,29,Damiano Pietrangeli
78249,Teoría Práctica,21,Pasquale Ruggeri
133182,Historia del Universo Paralelo,24,Jonatan Pinedo Melero
42626,Teoría Práctica,29,Calcedonio Rossi
4083,Cocina Molecular,20,Carlos Moore
235736,Turismo Espacial,19,Matthew Boyd
61272,Historia del Universo Paralelo,26,Martino Renzi
22941,Historia del Universo Paralelo,21,Fabrizia Lucciano
115649,Teoría Práctica,23,Stacey Garrett
196297,Psicología Canina,26,Sabatino Strangio
149429,Historia del Universo Paralelo,20,Eugenia Nevado Sevillano
249378,Filosofía Cuántica,21,Pierina Manzoni
208970,Historia del Universo Paralelo,27,Susanita Laguna Tenorio
37001,Cocina Molecular,24,Urbano Gordillo Fuente
7080,Psicología Canina,18,Paul Russo
30943,Biología Marina,21,Cipriano Amaldi-Flaiano
122318,Artes del Café,19,Álvaro Vila Pujadas
194960,Historia del Universo Paralelo,24,Bradley Lopez
129356,Artes del Café,20,Gioachino Gioberti
19513,Historia del Universo Paralelo,26,Ashley French
240972,Cocina Molecular,20,Amelia Begoña Amaya Jáuregui
36324,Diseño de Moda Intergaláctica,21,Antonello Viviani
116081,Psicología Canina,26,Nino Bernardini
71828,Teoría Práctica,27,Dott. Donatella Foletti
175178,Historia del Universo Paralelo,20,Massimiliano Pennetta-Mazzanti
158329,Turismo Espacial,18,Armando Ariño
96504,Teoría Práctica,23,Isaiah Forbes
216394,Historia del Universo Paralelo,20,Ariadna Pellicer
118300,Artes del Café,30,Summer Wilkerson
179015,Diseño de Moda Intergaláctica,26,Julie Gay
59733,Biología Marina,22,Dominga Cerdá Miranda
12750,Psicología Canina,19,Greco Curci
227054,Historia del Universo Paralelo,30,Luigina Malaparte
155540,Psicología Canina,21,Charles Jackson
121442,Diseño de Moda Intergaláctica,26,Peter Mccarthy
47073,Psicología Canina,18,Elmo Tamburini
151158,Filosofía Cuántica,26,Corrado Filippini
240023,Cocina Molecular,23,Valerio Cignaroli
169308,Psicología Canina,28,Casemiro Morales Sierra
187959,Filosofía Cuántica,19,Maria Mathis
140821,Turismo Espacial,20,Griselda Alcázar España
173704,Cocina Molecular,18,Verónica Vendrell Cerdá
110477,Teoría Práctica,22,Édgar Abascal Páez
198241,Teoría Práctica,25,Alicia Stewart
3883,Turismo Espacial,25,Nicola Monaco
128052,Psicología Canina,28,Annamaria Volterra-Barozzi
187845,Teoría Práctica,22,Rosario Parpinel
164456,Filosofía Cuántica,21,Jessica Eugenia Villalba Arrieta
235398,Teoría Práctica,21,Roman Chiaramonte
61219,Filosofía Cuántica,25,Ariel Rueda Fuentes
114582,Artes del Café,21,Kenneth Navarro
186893,Música para Plantas,26,Ermenegildo Raurica
146423,Turismo Espacial,26,Annunziata Olivetti
246156,Turismo Espacial,25,Hugo Ruiz Verdejo
171773,Artes del Café,26,Jeffrey Martin
42772,Artes del Café,23,Faith Kim
88904,Diseño de Moda Intergaláctica,29,Simón Victor Manuel Araujo Nevado
122677,Turismo Espacial,29,Liliana Guglielmi
4321,Música para Plantas,26,Paola Staglieno
196869,Turismo Espacial,21,Gil Clavero Sala
210680,Música para Plantas,22,John Smith
221421,Cocina Molecular,23,Alicia Oller
125076,Historia del Universo Paralelo,27,Macarena Soria Caro
210542,Música para Plantas,22,Amico Curatoli
43561,Diseño de Moda Intergaláctica,23,Roque Pineda Quintero
58705,Filosofía Cuántica,18,Alejandro Montserrat
195262,Psicología Canina,26,Baltasar del Alberdi
138832,Historia del Universo Paralelo,20,Annalisa Castioni
224486,Psicología Canina,26,Haroldo Grande Clemente
158481,Música para Plantas,21,África Calatayud Trujillo
62075,Filosofía Cuántica,27,John Dorsey
106097,Historia del Universo Paralelo,25,Martino Crispi
52823,Teoría Práctica,24,Alberico Delle-Antonini
86487,Artes del Café,20,Mrs. Cindy Hernandez MD
168626,Artes del Café,23,April Evans
170798,Artes del Café,18,Lorenzo Pacetti
48478,Artes del Café,24,Ninetta Bernardini
202454,Historia del Universo Paralelo,20,Debra Carey
66740,Teoría Práctica,27,Nancy Morrison
10718,Filosofía Cuántica,28,Roberto Portillo Salgado
186689,Música para Plantas,25,Christine Brown
171894,Cocina Molecular,26,Isaías Balaguer Serna
207014,Biología Marina,25,Roberto Ibarra Torres
184629,Biología Marina,26,Iván Esteban-Martín
142873,Diseño de Moda Intergaláctica,21,Austin Sanchez
111704,Teoría Práctica,27,Danny Rodriguez
34982,Biología Marina,24,Calixto Huguet Bolaños
105332,Diseño de Moda Intergaláctica,23,Severo Díaz Dalmau
174779,Música para Plantas,18,James Blankenship
5718,Filosofía Cuántica,28,Irma Schicchi
236050,Turismo Espacial,27,Sig. Luigi Ariasso
134254,Diseño de Moda Intergaláctica,21,Alberto Papetti
164332,Biología Marina,28,Priscila Múgica Padilla
248714,Turismo Espacial,28,Eutimio Carrión Vera
62584,Artes del Café,26,Fabián Arregui-Manzanares
31391,Biología Marina,28,Herminia Albero
226609,Diseño de Moda Intergaláctica,21,Judy Wallace
237644,Diseño de Moda Intergaláctica,25,Candelas Ramos Salvador
75866,Artes del Café,29,Tammy Hess
179232,Psicología Canina,29,Nino Murialdo
208403,Artes del Café,18,Dante Vivaldi
221563,Música para Plantas,28,Darío Tiburcio Garriga Navas
59597,Psicología Canina,21,Lori Powell
49279,Psicología Canina,19,Ennio Alfieri
228153,Psicología Canina,24,Encarnación Cepeda Alberola
193608,Turismo Espacial,27,Shawn Solomon
26476,Diseño de Moda Intergaláctica,27,Eladio Marin Royo
167458,Música para Plantas,25,Tecla Cazorla Barrios
194665,Biología Marina,29,Dott. Elmo Esposito
102263,Diseño de Moda Intergaláctica,29,Annunziata Sbarbaro
206706,Música para Plantas,21,Sebastián del Guillen
167849,Filosofía Cuántica,26,María Ángeles Isern Dominguez
217141,Música para Plantas,27,Adelia Florina Belda Campo
3545,Diseño de Moda Intergaláctica,25,Nathan Kirby
181845,Diseño de Moda Intergaláctica,28,Jerry Franklin
176082,Historia del Universo Paralelo,19,Joaquina Salmerón Dalmau
245037,Filosofía Cuántica,22,Berto Palomar Bastida
23080,Psicología Canina,19,Tiziana Verdi
28208,Música para Plantas,30,Stefani Aporti
211043,Historia del Universo Paralelo,20,Mohamed Castilla Sanabria
238562,Turismo Espacial,26,Néstor Oliver Serna
217251,Música para Plantas,26,Jennifer Long
133483,Diseño de Moda Intergaláctica,22,Dott. Teresa Mancini
173216,Turismo Espacial,26,Sharon Lyons
197069,Artes del Café,19,Manuelita Lloret
196880,Diseño de Moda Intergaláctica,24,Annunziata Cusano
69002,Turismo Espacial,24,Anna Clark
191531,Turismo Espacial,25,Benvenuto Bassi
57401,Turismo Espacial,22,Alessandra Giacometti
60649,Cocina Molecular,30,Monica Visconti
104442,Artes del Café,22,Zaira Morata Morales
73138,Artes del Café,20,Ezequiel Vidal
41875,Diseño de Moda Intergaláctica,27,Marc Bernad Alcalá
92242,Turismo Espacial,27,Barbara Hardy
161837,Psicología Canina,21,Pasquale Righi
214737,Psicología Canina,27,Jacinta Silvia Nuñez Saavedra
61958,Diseño de Moda Intergaláctica,22,Allegra Scalfaro
243910,Artes del Café,29,Stephen Myers
126791,Psicología Canina,24,Marc Valenzuela
45360,Filosofía Cuántica,20,John Maxwell
77639,Filosofía Cuántica,26,Pompeo Casale
248393,Cocina Molecular,30,Sig. Guarino Gilardoni
34175,Música para Plantas,30,Tamara Smith
139373,Filosofía Cuántica,26,Pancho Perales Reina
246924,Teoría Práctica,26,Pepita Agustí Rosado
160340,Historia del Universo Paralelo,18,Ronaldo Campano
92219,Turismo Espacial,20,Baccio Natta
62876,Psicología Canina,20,Clelia Ammaniti
9581,Diseño de Moda Intergaláctica,24,Benjamín Arenas Tormo
160646,Diseño de Moda Intergaláctica,22,Girolamo Cammarata
240152,Turismo Espacial,20,Joshua Freeman
74237,Filosofía Cuántica,24,Daniel Carter
161551,Teoría Práctica,18,Luisa Ferrata
242262,Artes del Café,25,Roberto Fantoni
155505,Biología Marina,18,Tracy Hahn
139640,Diseño de Moda Intergaláctica,20,Sig. Vincenzo Proietti
239632,Turismo Espacial,25,Rebecca Douglas
117231,Historia del Universo Paralelo,28,Cesare Borrani
63804,Psicología Canina,24,Ciro Blanco Busquets
243191,Turismo Espacial,25,Jessica Martinez
212978,Historia del Universo Paralelo,20,Giampaolo Cundari
117782,Cocina Molecular,18,Benigna Viña-Mariño
220486,Psicología Canina,28,Glenn Dixon
26286,Psicología Canina,18,Ottone Corcos
206012,Historia del Universo Paralelo,20,Charo Berrocal Navarro
17791,Turismo Espacial,19,Caterina Abate-Pacetti
190762,Psicología Canina,26,Dott. Micheletto Nievo
151494,Cocina Molecular,28,Tere Parra Cardona
233758,Cocina Molecular,19,Nicolás Durán Iglesias
232018,Biología Marina,26,Lauren Weeks
148032,Cocina Molecular,24,Luigina Longhena-Staglieno
23668,Biología Marina,24,Reyes Montero Castellanos
90389,Biología Marina,25,Bettina Jacuzzi
116289,Música para Plantas,20,Napoleone Tropea
127381,Música para Plantas,30,Onofre Sierra Fernández
45961,Turismo Espacial,27,Antonia Sabatini
137781,Cocina Molecular,26,Jason Myers
161110,Filosofía Cuántica,20,Kendra Thomas
2886,Historia del Universo Paralelo,18,Giorgia Basso
135357,Teoría Práctica,27,Annamaria Carnera
130975,Historia del Universo Paralelo,21,Teresita Aragón-Peñas
206524,Cocina Molecular,25,Heather Jensen
249997,Diseño de Moda Intergaláctica,21,Leopoldo Ferragni
11009,Diseño de Moda Intergaláctica,28,David Beard
207097,Teoría Práctica,18,Teresa Fernanda Mármol Manzano
92503,Artes del Café,27,Eliana Chacón Palomo
143048,Psicología Canina,18,Wayne Lawrence
130496,Historia del Universo Paralelo,27,Jerome Bryan
213699,Historia del Universo Paralelo,18,Segismundo Cámara Alegria
78509,Filosofía Cuántica,21,Carolina Turchetta
223334,Cocina Molecular,28,Dott. Flavio Traversa
120731,Turismo Espacial,29,Michael Copeland DVM
224118,Música para Plantas,20,Rolando del Solé
179522,Historia del Universo Paralelo,24,Jessica Robinson
41688,Música para Plantas,22,Odalys Beatriz Herrero Valbuena
156204,Diseño de Moda Intergaláctica,26,Gonzalo Gomila Raya
83962,Teoría Práctica,23,Fátima del Andres
141258,Música para Plantas,25,Dino Ponti-Babbo
54995,Artes del Café,18,Joanna Robinson
163676,Música para Plantas,22,Angelica Pagnotto
80014,Cocina Molecular,23,Deanna Castillo
220409,Historia del Universo Paralelo,18,Bruce Rodriguez
214374,Biología Marina,18,Michael Curtis
232572,Historia del Universo Paralelo,20,Mrs. Elizabeth Mcdonald
125956,Artes del Café,30,Cleto Uribe Rosa
242213,Música para Plantas,28,Eric Roth
241523,Diseño de Moda Intergaláctica,27,Adamo Gaggini
183362,Psicología Canina,30,Delfino Raimondi-Balbi
55092,Historia del Universo Paralelo,22,Jonathan Davis
177919,Artes del Café,29,Vittorio Borsiere-Cremonesi
203407,Historia del Universo Paralelo,18,Raffaella Pavone-Mazzini
184178,Historia del Universo Paralelo,23,Larry Moran
154245,Historia del Universo Paralelo,23,Diana Ficino
187455,Teoría Práctica,20,Sig. Gianmarco Peruzzi
192554,Cocina Molecular,25,Leslie Brown
198746,Turismo Espacial,25,Amy Martin
69839,Diseño de Moda Intergaláctica,22,Arsenio Herrera Carrera
44702,Diseño de Moda Intergaláctica,25,Sig.ra Pina Sagnelli
96259,Biología Marina,25,Paulina Innocenti-Onio
135418,Biología Marina,20,Pío Jose Francisco Puga Domínguez
214676,Psicología Canina,28,Aarón del Casals
21891,Biología Marina,22,Soraya del Sainz
38994,Artes del Café,18,Ana Sofía de Larrañaga
98153,Biología Marina,25,Ángeles Gil Vargas
197714,Psicología Canina,20,Tamara Asensio Muro
86918,Cocina Molecular,27,Sarah Michael
7601,Filosofía Cuántica,19,Marcelino Lobo
191059,Teoría Práctica,27,Katherine Roberts
206540,Música para Plantas,29,Silvio Caccioppoli-Conte
213298,Teoría Práctica,26,Narcisa Lamas Cases
92995,Teoría Práctica,29,Sebastiano Zanzi
35680,Cocina Molecular,25,Aroa Granados Duran
159678,Música para Plantas,22,Dott. Telemaco Infantino
78496,Psicología Canina,25,Gemma Oscuro
123597,Teoría Práctica,22,Vicki Steele
168076,Turismo Espacial,30,Anselma Riera Riba
71842,Historia del Universo Paralelo,25,Mrs. Mary Wallace
165202,Teoría Práctica,22,Hunter Johnson
99680,Artes del Café,22,Manolo Bermudez Cadenas
184270,Filosofía Cuántica,20,Donatella Zichichi
150495,Cocina Molecular,22,Mark Salas
69321,Biología Marina,23,Sig.ra Eugenia Barsanti
222009,Cocina Molecular,29,Christopher Parker
157855,Artes del Café,26,David Leblanc
209941,Teoría Práctica,30,Loretta Bembo-Tomei
216906,Música para Plantas,19,Leocadia Herranz Patiño
204084,Historia del Universo Paralelo,26,Gary Torres
126393,Diseño de Moda Intergaláctica,24,Courtney Ochoa
148089,Historia del Universo Paralelo,26,Arturo Panicucci
150343,Turismo Espacial,26,Haroldo Somoza Baró
181338,Cocina Molecular,26,Oreste Baracca-Campanella
145934,Diseño de Moda Intergaláctica,19,Dott. Gianni Quasimodo
218117,Cocina Molecular,26,Sergius Montanari-Iacobucci
196560,Diseño de Moda Intergaláctica,27,Christopher Ortiz
84811,Diseño de Moda Intergaláctica,25,Fabia Petrassi
80770,Biología Marina,20,Dott. Ezio Garobbio
87917,Biología Marina,26,Tyler Madden
96996,Diseño de Moda Intergaláctica,28,Guglielmo Trebbi
212431,Filosofía Cuántica,19,Patrizio Toldo
128735,Biología Marina,24,Alfredo Rosa Roldan
142339,Artes del Café,26,Ashley Holland
161999,Artes del Café,26,Dott. Antonina Vercelloni
181503,Biología Marina,20,Pánfilo Bárcena Marco
48519,Diseño de Moda Intergaláctica,30,Pasquale Cianciolo-Pagliaro
9318,Psicología Canina,28,Fabrizia Virgilio
249198,Filosofía Cuántica,30,Darío Echevarría Rodríguez
150280,Biología Marina,28,Alexandra Ingram
205505,Historia del Universo Paralelo,27,Ariadna Izaguirre Alegre
134375,Teoría Práctica,28,Ainara Huguet Frías
133404,Filosofía Cuántica,20,Ludovico Bonanno-Nicolini
210798,Diseño de Moda Intergaláctica,24,Cosme Llanos-Mercader
83607,Artes del Café,19,Mamen Pedraza Bautista
191735,Historia del Universo Paralelo,22,Lauren Rodriguez
196468,Biología Marina,28,Osvaldo Bocca
232590,Turismo Espacial,19,Emilia de Torrents
75005,Música para Plantas,29,Edu Santos Peñalver
127817,Historia del Universo Paralelo,29,Máxima Escribano-Fuertes
219568,Biología Marina,26,Pastor de Palmer
114453,Turismo Espacial,27,Lara Goldstein
137390,Turismo Espacial,22,Sig. Hugo Querini
93514,Psicología Canina,22,Arnaldo Errigo
199798,Turismo Espacial,23,Emiliano Sacristán Posada
2370,Turismo Espacial,23,Raffaello Rossi
109046,Filosofía Cuántica,22,Terry Williams
25619,Artes del Café,20,Jacob Hull
216922,Psicología Canina,24,Kimberly Edwards
24714,Diseño de Moda Intergaláctica,26,Christina Lee
22321,Psicología Canina,30,Obdulia Roig Yáñez
239214,Diseño de Moda Intergaláctica,18,Damiano Boccherini
127066,Historia del Universo Paralelo,28,Zaira Mazzocchi
68346,Turismo Espacial,30,Lisa Nelson
182856,Turismo Espacial,30,Ruperto Heredia Torrecilla
199009,Biología Marina,18,Nicolò Franceschi-Toninelli
55035,Teoría Práctica,20,Margherita Maglio-Muratori
141506,Diseño de Moda Intergaláctica,22,Priscilla Perkins
169990,Biología Marina,23,Bartolomeo Murri-Orsini
38718,Diseño de Moda Intergaláctica,22,Galasso Mennea
247532,Biología Marina,25,Adelmo Venturi-Marazzi
118050,Historia del Universo Paralelo,26,Barbara Pedersoli
95699,Artes del Café,24,Francisco Alfonso Jaume
107077,Filosofía Cuántica,29,Carmen Fuentes Gallo
16102,Biología Marina,26,Eraldo Donati-Ceri
234104,Turismo Espacial,28,Beatrice Ferrante
4789,Música para Plantas,26,Pompeo Miniati
38713,Teoría Práctica,28,Melina Agazzi
27424,Música para Plantas,28,Jennifer Watts
61777,Teoría Práctica,24,Olegario Camacho Viñas
92183,Turismo Espacial,28,Liliana Stradivari
68429,Artes del Café,18,Iris Baños Díez
32490,Turismo Espacial,27,Diana Rodriguez
49150,Psicología Canina,24,Marisela Evita Arribas Albero
30750,Artes del Café,23,Eddie Shaw
99902,Filosofía Cuántica,19,Scott Smith
2900,Música para Plantas,25,Donatella Ceschi
133290,Biología Marina,21,Elena Papafava-Puglisi
30293,Filosofía Cuántica,20,Nicodemo Bilbao Bolaños
19590,Filosofía Cuántica,20,Tonia Vercelloni
154370,Teoría Práctica,30,Vanessa Corcos
56236,Biología Marina,30,Charles Collins
156879,Teoría Práctica,23,Ciro Cantimori
228466,Música para Plantas,29,Federigo Ossani
122300,Teoría Práctica,23,Brian Nguyen
11934,Historia del Universo Paralelo,21,Adán Soler Bermejo
108825,Artes del Café,18,Dott. Coluccio Gualtieri
216540,Artes del Café,23,Jacobo Gastón Ripoll Peral
246351,Historia del Universo Paralelo,20,Sig. Salvi Garobbio
80558,Historia del Universo Paralelo,30,Marta Donà-Castiglione
120300,Biología Marina,23,Dott. Gaspare Burcardo
141606,Teoría Práctica,21,Ruggiero Gulotta
123335,Filosofía Cuántica,22,Pastora Piña Segura
238922,Psicología Canina,26,Kerry Hubbard
16682,Turismo Espacial,19,Pepita María Carmen Amorós Piñeiro
98267,Psicología Canina,18,Dott. Tonia Bevilacqua
154479,Biología Marina,18,Letizia Foletti
248458,Filosofía Cuántica,22,Saverio Spadafora
74062,Cocina Molecular,26,Gonzalo Hoyos
27986,Historia del Universo Paralelo,22,Christopher Allen
10877,Cocina Molecular,22,Claudia Cendron
178471,Música para Plantas,18,Nedda Carullo
134573,Biología Marina,25,Michael Miller
199567,Turismo Espacial,19,Bienvenida Fabiana Castrillo Ferrando
88143,Diseño de Moda Intergaláctica,28,Montserrat García Mariscal
170135,Historia del Universo Paralelo,19,Luís Santana Bernad
31547,Cocina Molecular,26,Daniel Cabanillas Tomas
50770,Historia del Universo Paralelo,19,Matthew Novak
89078,Historia del Universo Paralelo,30,Adriana Bixio
32385,Teoría Práctica,24,Eva María Millán Cañas
163098,Filosofía Cuántica,22,Sally Davis
202748,Turismo Espacial,25,Clelia Papetti
21795,Filosofía Cuántica,18,Marta Donà
116758,Teoría Práctica,20,Cecilia Ocaña Salvador
186671,Historia del Universo Paralelo,29,Michael Keith
132533,Teoría Práctica,19,Ángeles Diez Bastida
187816,Cocina Molecular,23,Kelly Wilson
207944,Diseño de Moda Intergaláctica,29,Tristán Trillo Camacho
235566,Música para Plantas,27,Carolyn Smith
61962,Cocina Molecular,29,Melissa Thompson
225364,Historia del Universo Paralelo,26,Juan Antonio Marcos-Cazorla
25217,Artes del Café,29,Edwin Weeks
1618,Filosofía Cuántica,29,Jonathan Joseph
52141,Diseño de Moda Intergaláctica,30,Marisela Romero Cantón
185484,Música para Plantas,20,Verónica Pozuelo Cortina
141326,Diseño de Moda Intergaláctica,21,Petrona Mir Falcón
184580,Filosofía Cuántica,29,Piero Cesarotti
240484,Psicología Canina,22,Fito Chus Galindo Lasa
58459,Turismo Espacial,23,Natalia Rossetti
166632,Biología Marina,19,Marcela Tejedor Cárdenas
34182,Diseño de Moda Intergaláctica,25,Gaetano Prati
221536,Turismo Espacial,24,Dott. Lorenzo Surian
213042,Historia del Universo Paralelo,20,Luz Carbonell Bolaños
1474,Artes del Café,27,Nedda Biagiotti
16398,Biología Marina,19,Patrick Wright
206756,Biología Marina,22,Sabatino Scarlatti
85708,Artes del Café,30,Rita Gemito
133929,Turismo Espacial,27,Mary Graham DVM
245168,Música para Plantas,20,Matthew Giles
194594,Diseño de Moda Intergaláctica,24,Sig. Giosuè Zetticci
213905,Turismo Espacial,26,Toni Piane-Chinnici
46839,Filosofía Cuántica,27,Suzanne Martin
122204,Historia del Universo Paralelo,25,Bradley Scott
47031,Filosofía Cuántica,26,Mark Walker
41839,Psicología Canina,30,Juanita del Barco
93484,Cocina Molecular,22,Guillermo Rico Rivas
1902,Filosofía Cuántica,23,Shawn Black
64813,Filosofía Cuántica,28,Angelo Bertoli
202591,Diseño de Moda Intergaláctica,18,Allegra Mantegazza
14146,Filosofía Cuántica,27,Candela Palomino Huertas
57834,Filosofía Cuántica,21,Domenico Combi
126786,Teoría Práctica,24,Gregorio María Jordá Céspedes
227610,Música para Plantas,22,Jill Henry
180974,Diseño de Moda Intergaláctica,28,Jenny Cerdán Folch
248034,Artes del Café,26,Paz Morante Zurita
153818,Diseño de Moda Intergaláctica,18,Nicholas Young
213441,Artes del Café,18,Timothy Jones
118947,Teoría Práctica,22,Diana Whitehead
133365,Teoría Práctica,28,Paola Faggiani
162832,Filosofía Cuántica,27,Rachel Hardy
219389,Artes del Café,25,Rossana Lamborghini
209282,Música para Plantas,30,Fabio Finetti
125596,Cocina Molecular,20,Leoncio Agullo
179126,Cocina Molecular,18,María Dolores de Cabeza
222225,Diseño de Moda Intergaláctica,27,Marina Liguori
4231,Música para Plantas,29,Moreno Sobrino Rius
96997,Artes del Café,28,Scott Bradley
5586,Artes del Café,23,Heather Wilson
180259,Turismo Espacial,21,Caterina Tamburini-Terragni
132771,Teoría Práctica,20,Vincentio Zaccardo-Biagi
173980,Artes del Café,30,Gionata Corcos
232288,Psicología Canina,21,Patricia Mcintyre
89400,Turismo Espacial,22,Dott. Giancarlo Carnera
108592,Teoría Práctica,19,Urbano de Fernandez
201352,Historia del Universo Paralelo,21,Lauren Anderson
208866,Historia del Universo Paralelo,23,Ester Palacios Berrocal
45214,Biología Marina,25,Giancarlo Abate
43631,Turismo Espacial,30,Nidia Moles Santana
213058,Psicología Canina,25,Gino Florio
151260,Filosofía Cuántica,21,Paca Viñas Casals
160872,Psicología Canina,27,Ryan Baldwin
82948,Historia del Universo Paralelo,22,Pilar Arce Ibáñez
205584,Artes del Café,24,Christopher Johnson
45437,Filosofía Cuántica,25,Guglielmo Solimena
15919,Filosofía Cuántica,30,Ruggero Bruscantini
240795,Biología Marina,25,Charo Obdulia Tejedor Ferrán
160094,Filosofía Cuántica,30,Jeremy Roach
161978,Música para Plantas,29,Jacob Anderson
12067,Artes del Café,26,Epifanio Alcázar Múñiz
12650,Psicología Canina,22,Matteo Boito
74117,Biología Marina,22,Gianni Campise
98772,Turismo Espacial,28,Luis Valentín Alfonso
153153,Turismo Espacial,25,Emigdio Sandoval Espejo
80789,Biología Marina,26,Massimiliano Vergassola
171005,Historia del Universo Paralelo,25,Teo Amílcar Sanchez Nogués
202899,Música para Plantas,24,Valentina Saracino-Napolitano
228660,Artes del Café,29,Agostino Manzoni
221159,Teoría Práctica,20,Elizabeth Olson
194763,Cocina Molecular,23,Gregory Jenkins
232837,Artes del Café,29,Paul Wyatt
118425,Diseño de Moda Intergaláctica,24,Felix Eugenio Cerdán Miralles
209873,Artes del Café,30,Sig.ra Serafina Pininfarina
118500,Música para Plantas,22,Damián del Galiano
145758,Turismo Espacial,30,Luís Natalio Corral Blanes
107851,Historia del Universo Paralelo,27,David Harrison
10191,Música para Plantas,24,Ugolino Venier
68801,Filosofía Cuántica,28,Gerald Harris
98251,Artes del Café,22,Edu de Canales
132430,Teoría Práctica,18,Linda Underwood
28515,Biología Marina,19,Sig.ra Romina Trussardi
66510,Historia del Universo Paralelo,29,Kevin Berry
104056,Historia del Universo Paralelo,26,Luca Pavarotti
160685,Historia del Universo Paralelo,27,Amanda Miller
212411,Teoría Práctica,20,Gianni Iannotti
231571,Biología Marina,23,Sofía Crespi Sureda
43079,Artes del Café,30,Bettina Toninelli-Gulotta
224971,Teoría Práctica,23,Olegario Becerra Carrillo
40375,Biología Marina,26,Roberta Migliaccio
229647,Turismo Espacial,29,Gabrielle Arroyo
69344,Filosofía Cuántica,22,Telmo Luis Vallejo Muñoz
91847,Turismo Espacial,23,Leticia Esteve-Villaverde
131412,Historia del Universo Paralelo,30,Sean Browning
123987,Psicología Canina,28,Tracy Foster
228800,Turismo Espacial,25,Gianfrancesco Zichichi
141103,Historia del Universo Paralelo,24,Belinda Thomas
69252,Historia del Universo Paralelo,21,Atilio Fuente Moliner
143185,Biología Marina,24,Dott. Umberto Morpurgo
11245,Diseño de Moda Intergaláctica,23,Piero Travaglia
174801,Psicología Canina,24,Alessandra Folliero
162282,Diseño de Moda Intergaláctica,28,Fabiana Cózar Arana
27480,Psicología Canina,30,Dina Bevilacqua-Zanichelli
97346,Cocina Molecular,21,Benedetto Pugliese-Serao
219095,Historia del Universo Paralelo,24,Barbara Davis
189623,Cocina Molecular,27,Trevor Chavez
124879,Psicología Canina,27,Graciana Casanova
82364,Música para Plantas,24,Jason Wang
169934,Artes del Café,27,Ema Barberá Pallarès
47339,Turismo Espacial,19,Jeffery Owens
165155,Diseño de Moda Intergaláctica,27,Tullio Garzoni
67235,Diseño de Moda Intergaláctica,19,Simonetta Borzomì
26409,Artes del Café,28,Sean Ray
98052,Psicología Canina,28,Gustavo del Ureña
156301,Turismo Espacial,29,Benigno Mariño Villanueva
236432,Turismo Espacial,22,Umberto Cutuli-Turati
88239,Cocina Molecular,30,Pedro de Antúnez
135653,Psicología Canina,25,Enzio Campanella
206553,Biología Marina,18,Socorro Gómez Porras
60364,Historia del Universo Paralelo,18,Sig. Dionigi Verga
234214,Música para Plantas,24,Tina Salas
52886,Historia del Universo Paralelo,25,Christopher Peters
190359,Filosofía Cuántica,23,Arsenio Filogamo
207624,Filosofía Cuántica,23,Bruno Panzera
134374,Música para Plantas,23,Sig.ra Caterina Tozzo
220462,Música para Plantas,21,Steve Weeks
150100,Teoría Práctica,29,Kyle Harris
201800,Teoría Práctica,20,Venancio Samele
230807,Psicología Canina,25,María Ángeles Fábregas
162183,Diseño de Moda Intergaláctica,27,Calcedonio Prada
204307,Historia del Universo Paralelo,25,Berenice Manacorda
114046,Turismo Espacial,28,Nicholas Robinson
214271,Turismo Espacial,23,Lucia Gangemi-Ferragamo
209290,Turismo Espacial,27,Ermes Salvini
217020,Cocina Molecular,18,Joshua Leonard
162250,Diseño de Moda Intergaláctica,27,Sig.ra Renata Goldstein
139646,Turismo Espacial,21,Valeria Domínguez Manuel
186725,Psicología Canina,29,Elvira Grassi-Pisani
16267,Biología Marina,23,Clara Duque Salmerón
34311,Música para Plantas,24,María Del Carmen Antúnez Mínguez
102781,Filosofía Cuántica,24,Yolanda Alsina
73222,Historia del Universo Paralelo,22,Nicolasa Piñol-Benavente
23245,Turismo Espacial,29,Alice Baker
81316,Filosofía Cuántica,21,Nicole Miller
28770,Psicología Canina,23,Sarita Vallejo-Solsona
130659,Biología Marina,26,Kathryn Reese
86464,Teoría Práctica,18,Liliana Salata
172222,Diseño de Moda Intergaláctica,21,Victor Davis
11419,Turismo Espacial,22,Claudia Florinda Moliner Olmo
61243,Música para Plantas,22,Pascual Arnau Águila
25606,Artes del Café,20,Etta Turchetta
121098,Historia del Universo Paralelo,29,Robert Cantrell
148072,Teoría Práctica,23,Celestina Hernando-Santamaría
162572,Historia del Universo Paralelo,26,Sig. Luchino Falier
115680,Filosofía Cuántica,23,Lupe Cazorla Linares
209179,Biología Marina,18,Gastone Gregorio
159529,Música para Plantas,23,Daniel Smith
183494,Psicología Canina,23,Alejandro Echevarría Urrutia
27489,Cocina Molecular,20,Mary Gross
171825,Filosofía Cuántica,22,Giulia Mortati
49278,Turismo Espacial,24,Laura Marini
21831,Artes del Café,22,Meghan Ross
13000,Historia del Universo Paralelo,19,Daniele Gullotta-Mazzacurati
201710,Psicología Canina,18,Romolo Monduzzi
5610,Historia del Universo Paralelo,27,Jose Carrillo
101172,Música para Plantas,19,Yolanda Escribano Águila
88218,Cocina Molecular,26,Ruy de Arenas
241995,Cocina Molecular,21,Ansaldo Dossi
236676,Psicología Canina,27,Stacy Calderon
239771,Artes del Café,26,Dante Agnesi
56538,Artes del Café,23,Imelda Saura Collado
239610,Turismo Espacial,19,Fortunata Fittipaldi
231694,Cocina Molecular,26,Ruben Abascal-Martín
219486,Artes del Café,29,Lucia Respighi
82676,Filosofía Cuántica,26,Modesta Calvo Martinez
228675,Filosofía Cuántica,24,William Harris
52088,Cocina Molecular,22,Ambrosio Ródenas Redondo
79826,Artes del Café,24,Apolinar Cabeza Catalá
105196,Turismo Espacial,29,Amor Vilma Abellán Ferrández
193321,Cocina Molecular,27,Delia Llamas Rico
124988,Turismo Espacial,23,Zoraida Gimenez Valcárcel
132041,Filosofía Cuántica,23,Valerio Jose Manuel Palomo Fuertes
174839,Turismo Espacial,25,Joshua Mahoney
89548,Filosofía Cuántica,19,Domitila Borrás
33058,Turismo Espacial,19,Chelo del Mercader
133264,Historia del Universo Paralelo,23,Emigdio del Moreno
46998,Psicología Canina,21,Dominique Colon
5350,Turismo Espacial,28,Ale Guardia Gilabert
119282,Diseño de Moda Intergaláctica,24,Eraldo Foscari-Chechi
72937,Psicología Canina,28,Antonietta Dossetti
77027,Filosofía Cuántica,20,Ermenegildo Garibaldi
165377,Filosofía Cuántica,25,Apolinar Hidalgo Cid
50741,Teoría Práctica,18,Etelvina Cáceres
197146,Turismo Espacial,29,Mamen Ribes Garriga
244923,Historia del Universo Paralelo,22,Benigno Soler-Belmonte
120125,Artes del Café,20,Mirta Calvet Blanes
194956,Turismo Espacial,20,Segismundo Ríos Alba
188148,Biología Marina,26,Stephanie Murphy
162326,Diseño de Moda Intergaláctica,23,Karen Mccarthy
105511,Teoría Práctica,25,Sydney Williams
234442,Filosofía Cuántica,18,Cloe Filomena Agustín Ripoll
48971,Psicología Canina,20,Heather Curry
82282,Biología Marina,23,Benjamin Silva
168774,Psicología Canina,24,Nieves Jover Valls
141744,Psicología Canina,28,Estrella Espinosa Soria
92507,Teoría Práctica,26,Juanita Flores Llobet
149082,Artes del Café,26,Nicholas Miller
110681,Turismo Espacial,25,Fausto Comolli
86999,Artes del Café,30,Florencia Evita Bernat Adán
206500,Historia del Universo Paralelo,25,Nina Catenazzi-Monicelli
59779,Biología Marina,25,Kevin Stanley
3136,Música para Plantas,26,Amico Branciforte
62099,Turismo Espacial,21,Guarino Giunti
172344,Teoría Práctica,30,Adam Krueger
65883,Diseño de Moda Intergaláctica,22,Sole Luzi
187038,Diseño de Moda Intergaláctica,26,Anthony Rodriguez
69732,Diseño de Moda Intergaláctica,23,Oriana Armas Pedraza
43780,Artes del Café,18,Lupe Porcel-Mateu
20806,Psicología Canina,30,Jose Stevenson
134210,Cocina Molecular,28,Tanner Colon
114277,Psicología Canina,28,Pina Moretti
194781,Diseño de Moda Intergaláctica,29,Marino Gámez Rincón
231872,Turismo Espacial,30,Evangelina Roma Díaz
106741,Historia del Universo Paralelo,23,Dott. Giovanna Gremese
28292,Filosofía Cuántica,21,Ricardo Flores Cortés
91770,Teoría Práctica,26,Marc Porcel Menéndez
183051,Artes del Café,23,Anna Holland
221110,Psicología Canina,28,Giada Versace
1898,Cocina Molecular,23,Cassandra Malipiero
151408,Diseño de Moda Intergaláctica,29,Alessandro Caccianemico
202697,Teoría Práctica,23,Lourdes Mayoral-Vergara
228860,Cocina Molecular,22,Ilaria Bernardi
125812,Música para Plantas,18,Griselda Argurio-Borromeo
33797,Música para Plantas,29,Lina Borrani
8240,Diseño de Moda Intergaláctica,25,Dina Ottino
41338,Turismo Espacial,29,Fabrizio Tomei
160050,Teoría Práctica,23,Donna Cerquiglini
5032,Historia del Universo Paralelo,25,Sole Querini
131250,Teoría Práctica,23,Giacomo Carpaccio
248132,Turismo Espacial,19,Sonia del Suarez
88482,Cocina Molecular,29,Cristina Persico
179086,Filosofía Cuántica,29,Pastora del Medina
107591,Turismo Espacial,24,Chita Tomé Azcona
145446,Turismo Espacial,29,Adelasia Pertini
174616,Diseño de Moda Intergaláctica,30,April Andrade
58209,Teoría Práctica,26,Jason Haney
118040,Teoría Práctica,27,Poncio Cuenca Palomo
114324,Turismo Espacial,29,Jennifer Coleman
20550,Música para Plantas,21,Richard Blake
139460,Historia del Universo Paralelo,18,Lynn Lane
99247,Cocina Molecular,19,Amadeo Strangio-Parisi
200697,Historia del Universo Paralelo,22,Belén Duarte Martín
69548,Turismo Espacial,25,Blas Buendía Barco
31039,Historia del Universo Paralelo,22,Mercedes Barozzi
64688,Diseño de Moda Intergaláctica,19,Marcantonio Bignami
116310,Biología Marina,30,Matthew Holland
241244,Historia del Universo Paralelo,20,Arturo Valderrama Rebollo
83558,Artes del Café,19,Sheri Reese
198688,Música para Plantas,24,Julia Chaparro Gilabert
103959,Filosofía Cuántica,18,Katelyn Chavez
154403,Filosofía Cuántica,19,Hilda Sanabria Aznar
220781,Diseño de Moda Intergaláctica,27,Gloria Lucarelli
49360,Psicología Canina,30,Janice Rivera
4391,Psicología Canina,25,Octavio Gustavo Urrutia Saura
212426,Teoría Práctica,29,Gabriella Medici-Caccianemico
28652,Historia del Universo Paralelo,25,Kevin Morales
202615,Diseño de Moda Intergaláctica,23,David Turner
128376,Música para Plantas,18,Genoveva Velázquez Sáez
146229,Historia del Universo Paralelo,18,Dott. Maria Monte
116256,Filosofía Cuántica,23,Kimberly Howard
45680,Música para Plantas,19,Wesley Brown
249767,Biología Marina,22,Richard Bryant
178340,Teoría Práctica,27,Modesta Galiano Fuente
54481,Turismo Espacial,30,Jimmy Lee
54114,Filosofía Cuántica,21,Brandy Ford
72456,Música para Plantas,26,Nina Klein
35533,Cocina Molecular,28,Pellegrino Boezio
12196,Psicología Canina,23,Gioacchino Bresciani
122406,Teoría Práctica,30,Serena Varano-Scotti
61926,Turismo Espacial,27,Rosalia Tagliafierro-Pedersoli
234783,Teoría Práctica,18,Chucho Barranco
77661,Artes del Café,18,Amber Vazquez
99637,Biología Marina,18,Constanza Purificación Bustos Puente
229910,Historia del Universo Paralelo,20,Anthony Baldwin
67593,Filosofía Cuántica,22,Saturnino Bayo
170450,Psicología Canina,23,Fabia Vidoni
207020,Diseño de Moda Intergaláctica,21,Ismael Guardia Bernal
71927,Teoría Práctica,20,Dott. Bettina Mascagni
83974,Turismo Espacial,29,Dani de Garzón
9763,Teoría Práctica,30,Salvatore Mattarella
95741,Historia del Universo Paralelo,26,Robert Murray
49708,Filosofía Cuántica,28,Natalie Parker
99063,Filosofía Cuántica,21,Jon Lewis
131384,Historia del Universo Paralelo,21,Eladio Alberola Vives
12332,Psicología Canina,27,Deborah Bonilla
85593,Historia del Universo Paralelo,29,Sig. Gabriele Segni
77513,Psicología Canina,29,Christopher Jackson MD
168264,Biología Marina,24,Laura Wells
113536,Psicología Canina,25,Cassandra Scaduto
62191,Historia del Universo Paralelo,20,Benjamin Lozano
87281,Turismo Espacial,29,Pasquale Ughi
157568,Cocina Molecular,26,Ezio Farinelli
140493,Psicología Canina,19,Gianmarco Sauli-Toso
216223,Música para Plantas,28,Marco Herrera Capdevila
37086,Artes del Café,20,Carla Lombardo-Endrizzi
135000,Artes del Café,27,Piergiorgio Gradenigo
213349,Artes del Café,18,Thomas Howard
89649,Teoría Práctica,20,Rosa Cimarosa
164548,Historia del Universo Paralelo,30,Gregory Allen
167216,Turismo Espacial,20,Marta Merisi
44039,Turismo Espacial,20,Romana Malpighi-Ferrante
212054,Música para Plantas,20,Michelangelo Maglio
178318,Filosofía Cuántica,24,Mrs. Sarah Dawson
85897,Diseño de Moda Intergaláctica,26,Javiera Morales Tormo
84369,Historia del Universo Paralelo,24,Sarah Kelly
219002,Artes del Café,30,Sigfrido de Serra
139599,Artes del Café,28,Irma Vergerio
85183,Diseño de Moda Intergaláctica,23,Sig.ra Gabriella Puccini
73062,Artes del Café,21,Sheryl Scott
164210,Historia del Universo Paralelo,20,Samantha Bennett
135640,Cocina Molecular,19,Cristina Caffarelli
119679,Psicología Canina,19,Erin Rhodes
53071,Turismo Espacial,27,James Fletcher
247392,Psicología Canina,18,Victoria Bongiorno
131007,Psicología Canina,22,Giuseppe Gianetti
240079,Turismo Espacial,26,Melania Salamanca-Barragán
87139,Artes del Café,22,Dora Palau
168840,Artes del Café,25,Ema Malo Cámara
504,Música para Plantas,21,Angela Martinez
225819,Artes del Café,29,Dott. Serafina Tassoni
71242,Biología Marina,19,Tracy Gentry
59663,Teoría Práctica,29,Cipriano Cornejo Ariño
247824,Diseño de Moda Intergaláctica,18,Sean Lang
198069,Diseño de Moda Intergaláctica,26,Brandon Carson
125491,Psicología Canina,22,Ulises Martín-Cáceres
194209,Historia del Universo Paralelo,20,Michelle Reynolds
119416,Artes del Café,18,Theresa Thompson
243121,Filosofía Cuántica,25,Coriolano Montanari
11729,Historia del Universo Paralelo,27,Mirco Morucci-Lancisi
187982,Teoría Práctica,22,Alfredo Sola Alarcón
11442,Diseño de Moda Intergaláctica,27,Vicki Fisher
87782,Psicología Canina,23,Sig. Mirko Parri
50411,Turismo Espacial,19,Heliodoro Jover Aguado
21563,Cocina Molecular,28,Gioachino Guicciardini
172730,Turismo Espacial,18,Cristina Rossellini-Abbagnale
71358,Teoría Práctica,29,Ruben Tur Sans
33430,Diseño de Moda Intergaláctica,22,Salvi Montalti
141546,Cocina Molecular,28,Amaya Rozas Benavides
96861,Psicología Canina,23,Dulce Bilbao
131423,Historia del Universo Paralelo,23,María Cristina Gimeno Cervantes
82495,Turismo Espacial,30,Jennifer Ward
35673,Biología Marina,19,Kim Suarez
122130,Artes del Café,26,Sonya Hopkins
31029,Turismo Espacial,20,Heather Woods
63560,Artes del Café,28,Artemio Durán
16439,Historia del Universo Paralelo,30,Rosa María Solano Luís
75187,Biología Marina,22,Dwayne Cox
79774,Turismo Espacial,27,Troy Castillo
133042,Historia del Universo Paralelo,19,Samantha Turner
54803,Filosofía Cuántica,20,Vanessa Kelley
225275,Artes del Café,25,Natanael Blasco Ayllón
32482,Teoría Práctica,30,Rita Coronado Sales
42356,Música para Plantas,25,Stanley Johnson
174359,Psicología Canina,18,Saturnino Vergara Fernández
30434,Diseño de Moda Intergaláctica,25,Piero Gaggini-Filzi
208754,Filosofía Cuántica,18,Corrado Polani
160213,Filosofía Cuántica,21,Cassandra Veneziano
137479,Biología Marina,29,Matthew Tucker
1072,Cocina Molecular,18,Donna Interminelli-Ferraris
81314,Turismo Espacial,29,Daryl Costa
118616,Biología Marina,22,Evangelina del Company
102458,Psicología Canina,20,Arnaldo Giolitti
36180,Turismo Espacial,25,Paco Antón Tovar
40467,Artes del Café,21,Lucio Staglieno
151578,Cocina Molecular,23,Kristie Rodriguez
229875,Historia del Universo Paralelo,24,Jennifer Lawrence
30588,Música para Plantas,19,Michael Graham
197340,Teoría Práctica,27,Natalia Camanni
59017,Filosofía Cuántica,24,Nedda Gentilini
16291,Música para Plantas,22,Lolita Gritti
198113,Cocina Molecular,26,Melania Alcaraz Zabala
49722,Diseño de Moda Intergaláctica,28,Santino Cattaneo
223040,Cocina Molecular,30,Christopher Henry
145261,Filosofía Cuántica,22,Raimondo Amato
205998,Biología Marina,23,Asdrubal de Lobo
175330,Cocina Molecular,29,Brenda Murphy
60323,Biología Marina,19,Sierra Lewis
3167,Turismo Espacial,29,Julie Wright
83882,Teoría Práctica,21,Joshua Kline
76262,Psicología Canina,19,Óscar Mercader Toledo
146965,Diseño de Moda Intergaláctica,21,Matthew Cross
55907,Filosofía Cuántica,18,Petrona Loida Tejero Cuevas
249429,Psicología Canina,30,Veronica Esparza
55158,Psicología Canina,24,María Ángeles Leire Ugarte Villegas
20023,Cocina Molecular,24,Miriam Calatayud Ibáñez
171103,Música para Plantas,28,Arcelia Pol Lluch
53024,Psicología Canina,26,Sig.ra Daria Sandi
111874,Biología Marina,30,Rita Macías Amaya
176720,Psicología Canina,24,Raffaella Gramsci
4045,Artes del Café,18,Lori Baird
7853,Turismo Espacial,22,Jose Collado-Ricart
1318,Diseño de Moda Intergaláctica,18,Brandon Ryan
49695,Teoría Práctica,26,Raimondo Tamborini
234250,Turismo Espacial,29,Amor de Alsina
204829,Artes del Café,29,David Miller
213841,Teoría Práctica,22,Juan Salinas
34319,Teoría Práctica,26,Che Fuente Font
87685,Música para Plantas,23,Mirta Villalba Reguera
186150,Turismo Espacial,27,Rosina Tron
137180,Artes del Café,29,Miss Kimberly Baird
225058,Turismo Espacial,24,Alicia de Donaire
201699,Música para Plantas,18,Lupita Pereira Robledo
108477,Diseño de Moda Intergaláctica,25,Arsenio Casals Suárez
140373,Biología Marina,22,Eligia Tejera Asenjo
149099,Cocina Molecular,20,Michael Newman
129279,Música para Plantas,26,Mayte de Pereira
174195,Cocina Molecular,28,Valentina Roero
135748,Teoría Práctica,22,Brian Martinez
179205,Teoría Práctica,29,Lorena María Cristina Trujillo Romero
226705,Teoría Práctica,29,Isa Scialpi
246800,Cocina Molecular,29,Valeria Panzera-Maderna
220015,Diseño de Moda Intergaláctica,23,Piergiuseppe Bragaglia
138999,Biología Marina,22,Claudio Gilardoni-Scotti
104510,Psicología Canina,23,Nadia Ruggeri
132266,Diseño de Moda Intergaláctica,25,Franco Filippini-Aloisio
86417,Música para Plantas,23,Belén Quero
178009,Cocina Molecular,21,Emilio Nicolás-Aragón
99342,Historia del Universo Paralelo,23,Gabriella Sagredo
74926,Cocina Molecular,18,Susan Smith
25293,Artes del Café,29,Eutimio Ferreras Cifuentes
243186,Biología Marina,26,Nacio Valle Márquez
30158,Psicología Canina,29,Jennifer Curtis
144545,Psicología Canina,27,Mariana Omma
8389,Psicología Canina,27,Rosa Tagliafierro-Tosto
72297,Teoría Práctica,22,Florentino Benítez Coello
37816,Cocina Molecular,30,Zaira Fittipaldi
113586,Cocina Molecular,23,Tracy Zavala
81772,Filosofía Cuántica,29,Ivan Prodi
54811,Diseño de Moda Intergaláctica,23,Paolo Tagliafierro
28018,Biología Marina,29,Sig.ra Ninetta Giorgetti
8052,Filosofía Cuántica,29,Goffredo Caetani
120954,Turismo Espacial,28,Sig. Marco Tamborini
175232,Música para Plantas,28,Reyna Prada Cerdá
121757,Teoría Práctica,19,Balduino Isern Carmona
158907,Biología Marina,28,Vilma Viana Gálvez
12690,Filosofía Cuántica,27,Amanda Alvarez
151631,Turismo Espacial,26,Priscilla Petruzzi
93853,Música para Plantas,20,Laura Johnson
45820,Turismo Espacial,21,Epifanio Moles Amigó
210004,Artes del Café,28,April Hanson
161098,Cocina Molecular,27,Sig. Severino Novaro
10627,Música para Plantas,20,Loida Méndez
53667,Artes del Café,27,Andrew Kelley
118680,Turismo Espacial,30,Cipriano Botticelli-Morgagni
35366,Turismo Espacial,22,Paoletta Lettiere
46160,Artes del Café,21,Beatrice Acerbi
92138,Música para Plantas,19,Lolita Micca
15403,Música para Plantas,20,Ramona Salvo
135681,Filosofía Cuántica,27,Matthew King
71550,Filosofía Cuántica,18,Alejandro del Hernando
139408,Historia del Universo Paralelo,24,Fernando Roig
63508,Biología Marina,21,Joshua Campbell
156854,Biología Marina,18,Esther Arcelia Tudela Real
3171,Psicología Canina,29,Lazzaro Vergerio
9451,Filosofía Cuántica,25,Christopher Allen
227895,Filosofía Cuántica,19,Paola Anguita Barral
198322,Cocina Molecular,19,Sig.ra Jolanda Morpurgo
89801,Diseño de Moda Intergaláctica,27,Jennifer Campos Quintero
118212,Teoría Práctica,26,Brenda Mitchell
107154,Historia del Universo Paralelo,21,Melinda Gutierrez
29755,Psicología Canina,28,Lolita Togliatti
245927,Música para Plantas,23,Rita Vecellio
79833,Biología Marina,27,Isabel Teodora Castro Tena
16570,Turismo Espacial,26,Norberto Perez Benavente
141922,Teoría Práctica,23,Gelsomina Mastroianni-Borromeo
64776,Música para Plantas,24,Ruth Ferguson
81382,Historia del Universo Paralelo,18,Mr. Scott Stephenson
237232,Filosofía Cuántica,30,Tina Alvarado
162739,Filosofía Cuántica,19,Ema Fabra Infante
99843,Artes del Café,29,Amado Bonilla Alcaraz
199417,Teoría Práctica,20,Shane Cantrell
151836,Filosofía Cuántica,28,Aitana Camino Batlle
55393,Teoría Práctica,30,Maurilio Ferrante
135227,Diseño de Moda Intergaláctica,28,Anthony Fernandez DDS
215134,Biología Marina,25,Jennifer George
5420,Turismo Espacial,28,Michael Meyer
17746,Biología Marina,19,Nanni Roncalli
189802,Diseño de Moda Intergaláctica,20,Toni Estevez
246184,Biología Marina,18,Donald Roberts
201494,Cocina Molecular,19,Isaac Garay Valenzuela
147605,Música para Plantas,18,Aurora Llabrés Estévez
140835,Diseño de Moda Intergaláctica,23,Abel Hector Hernández Amat
215693,Psicología Canina,24,Ivo Balbo
64036,Biología Marina,20,Dominga Baena-Pedrero
221476,Música para Plantas,30,Luke Matthews
18398,Turismo Espacial,20,Tonino Tasso
184063,Turismo Espacial,30,Robert Jenkins
197558,Historia del Universo Paralelo,25,Durante Carli-Guglielmi
37456,Diseño de Moda Intergaláctica,24,Marta Parisi
180484,Artes del Café,24,Christopher Mckinney MD
210700,Filosofía Cuántica,29,Sig. Manuel Lerner
152943,Historia del Universo Paralelo,26,Andrew Jarvis
99948,Turismo Espacial,25,Paz Guardia-Salgado
77596,Diseño de Moda Intergaláctica,23,Adán Cardona
184935,Artes del Café,27,Paloma Badoglio-Pellegrini
92845,Teoría Práctica,18,Carl Murray
27029,Psicología Canina,19,Wendy Hickman
81392,Artes del Café,29,Manola de Márquez
35561,Diseño de Moda Intergaláctica,24,Osvaldo Gerardo Arjona Osuna
223407,Artes del Café,28,Rossana Venditti
24052,Psicología Canina,22,Florencia del Madrid
58774,Música para Plantas,19,Caitlin Randolph
18963,Psicología Canina,19,Valerio Roman-Marín
101189,Teoría Práctica,27,Angelo Guarato
32129,Turismo Espacial,19,Bartolomé Zorrilla Cortés
249184,Biología Marina,30,Patrick Schultz
7902,Turismo Espacial,24,Laura Richardson
74098,Música para Plantas,23,Travis Larson
62317,Teoría Práctica,26,Filippa Goldstein
150833,Psicología Canina,28,Jessica Simon
12097,Música para Plantas,27,Jessica Wilson
22466,Psicología Canina,23,Saturnino de Expósito
188325,Turismo Espacial,20,Sebastiano Ungaretti
1583,Historia del Universo Paralelo,26,Susanna Giammusso
54687,Filosofía Cuántica,23,Irma Sagese
48739,Turismo Espacial,19,Samanta Cerro Azcona
248260,Turismo Espacial,21,Heraclio del Gonzalo
156887,Música para Plantas,20,Maria Gill
192652,Biología Marina,18,David Walton PhD
80252,Teoría Práctica,19,Crystal Smith
247567,Diseño de Moda Intergaláctica,22,Benito Piccinni
228251,Artes del Café,25,Margarita Gordillo-Ferrando
70333,Psicología Canina,22,Michael Graves
123040,Cocina Molecular,25,Etta Tamborini
218265,Música para Plantas,25,Laura Henry
185511,Psicología Canina,26,Lupe Ros Iñiguez
158807,Artes del Café,30,Belén del Ariño
242650,Música para Plantas,24,Clímaco Bejarano
179097,Turismo Espacial,22,Dante Bajardi
64283,Filosofía Cuántica,25,Nazaret Artemio Piquer Izaguirre
189809,Psicología Canina,24,Osvaldo Ferrata-Bacosi
167715,Cocina Molecular,23,Dott. Antonella Lucchesi
93037,Teoría Práctica,21,Roberto Marquez Correa
248149,Artes del Café,22,Anita Bondumier
136860,Diseño de Moda Intergaláctica,23,Dennis Brewer
25559,Biología Marina,28,Brett Fuentes
178084,Biología Marina,28,Rebecca Lawson
87050,Música para Plantas,25,Michael Gomez
187859,Diseño de Moda Intergaláctica,18,Valerio Golino-Trillini
209015,Cocina Molecular,20,Jamie Clark
187644,Cocina Molecular,21,Javiera Perales Roig
49636,Música para Plantas,25,Dan Morillo-Carrasco
124745,Cocina Molecular,27,Elizabeth Manning
49538,Filosofía Cuántica,24,Amelia Gomis Tur
127842,Turismo Espacial,27,Rómulo Juan Bautista Estevez Bueno
9062,Turismo Espacial,24,Zaida Peralta Prado
30840,Teoría Práctica,29,Ximena Arce Román
21374,Turismo Espacial,19,Mariana Soderini
41978,Psicología Canina,27,David Andrews
103413,Biología Marina,24,Leopoldo Cánovas
55903,Psicología Canina,20,Tracy Baxter
201593,Turismo Espacial,27,Don Foster
227358,Música para Plantas,21,Jacinta Blázquez
195589,Cocina Molecular,24,Christine Taylor
131340,Biología Marina,18,Richard Orozco
16985,Historia del Universo Paralelo,24,Jennifer Bartlett
198201,Historia del Universo Paralelo,24,Gemma Gioberti
33991,Historia del Universo Paralelo,29,Juan Suárez Peral
235395,Cocina Molecular,19,Luisa Buonauro
161725,Artes del Café,24,Matteo Pizzetti
53330,Cocina Molecular,26,Margarita Ávila Ferrer
100407,Diseño de Moda Intergaláctica,20,Itziar Villa Villalba
86296,Psicología Canina,18,Casey Gonzalez
120599,Diseño de Moda Intergaláctica,29,Traci Daniels
105381,Filosofía Cuántica,29,Jordan George
40055,Historia del Universo Paralelo,29,Jason Dominguez
3947,Psicología Canina,25,Dionisio Galán-Saavedra
53104,Música para Plantas,21,Ibán del Llobet
44495,Diseño de Moda Intergaláctica,26,Marco Emo-Trupiano
121741,Filosofía Cuántica,18,Haydée Martínez Alfonso
149909,Artes del Café,21,Betty Austin
246451,Música para Plantas,24,Margherita Sagese
43852,Biología Marina,21,Kristy Jones
17054,Artes del Café,18,Bernardita Prat Marcos
206432,Filosofía Cuántica,18,Amy Hughes
200181,Biología Marina,24,Guglielmo Pacelli
89560,Música para Plantas,29,Javier Mir Cabeza
132310,Cocina Molecular,23,Alcides Mateu-Ordóñez
74726,Cocina Molecular,21,Ceferino Huguet Mir
203647,Cocina Molecular,28,Giacomo Pugliese-Leoncavallo
175458,Artes del Café,22,Agostino Ferrabosco
566,Música para Plantas,18,Karen Wolfe
170406,Teoría Práctica,30,Micheal Wiggins
186692,Artes del Café,29,Ruggero Respighi
168760,Psicología Canina,21,Aitana Vera Amador Montalbán
14990,Teoría Práctica,27,Javier del Artigas
115208,Cocina Molecular,19,Dott. Melania Boito
208191,Historia del Universo Paralelo,29,Priscilla Soffici
129591,Música para Plantas,28,Brianna Wright
213503,Psicología Canina,21,Candace Rodriguez
191924,Filosofía Cuántica,19,Enrique Vendrell Sarabia
7770,Biología Marina,18,Maurilio Babato
80886,Cocina Molecular,23,Rosario Dossi
187663,Turismo Espacial,25,Nicole Jones
4616,Historia del Universo Paralelo,22,Mrs. Rebecca Lucero
26655,Filosofía Cuántica,23,Clelia Niscoromni
70094,Diseño de Moda Intergaláctica,28,Oreste Donatoni
208706,Biología Marina,28,Lisa Johnston
15611,Filosofía Cuántica,18,Geronimo Rossi
62042,Artes del Café,24,Raffaello Rossellini
200139,Turismo Espacial,26,Tonia Ferraris
108149,Música para Plantas,25,Derek Hawkins
80400,Teoría Práctica,26,Sig. Severino Draghi
125689,Música para Plantas,28,Amy Oliver
10077,Cocina Molecular,27,Agostino Ferraris
179137,Música para Plantas,27,Jose Carlos Reyes Cerdán
40135,Turismo Espacial,30,Tullio Borromini
156606,Cocina Molecular,23,Roy Davis
237942,Historia del Universo Paralelo,30,Gaspare Zola
183131,Historia del Universo Paralelo,24,Renata Sagredo
169531,Turismo Espacial,29,Dott. Biagio Chinnici
221631,Historia del Universo Paralelo,19,Calista Leiva Royo
54923,Biología Marina,29,Brittany Baldwin
184350,Cocina Molecular,22,Henry Franklin
33027,Historia del Universo Paralelo,27,Fulvio Flaiano-Buonauro
78600,Biología Marina,23,Joseph Garza
94093,Biología Marina,18,Griselda Leiva Llamas
92062,Teoría Práctica,22,Vasco Jordá Bonilla
210779,Artes del Café,30,Katie Pugh
249465,Artes del Café,18,Ninetta Maffei-Spallanzani
75672,Turismo Espacial,30,Alcides Gutierrez
488,Diseño de Moda Intergaláctica,25,Ciro Offredi-Silvestri
169535,Historia del Universo Paralelo,25,Dott. Griselda Trombetta
55973,Psicología Canina,29,Erika Cusano
40187,Turismo Espacial,27,Katherine Zamora
14459,Cocina Molecular,26,Apolinar Marco-Recio
151173,Biología Marina,24,Ashley Li
189386,Historia del Universo Paralelo,29,Manu Reguera Carballo
158213,Biología Marina,25,Gregorio Jódar
6530,Biología Marina,21,Vittoria Monte
72034,Filosofía Cuántica,22,Lando Tomasetti
139875,Historia del Universo Paralelo,19,Enzo Garobbio-Platini
18750,Cocina Molecular,18,Sebastián Molins Calderon
48577,Teoría Práctica,20,Sharon Peterson
193945,Turismo Espacial,29,Jodi Contreras
131070,Diseño de Moda Intergaláctica,27,Kristen Miller
175540,Diseño de Moda Intergaláctica,19,Charlotte Johnson
29554,Cocina Molecular,21,Estela Vives Cornejo
3394,Música para Plantas,19,Randy Parker
38439,Diseño de Moda Intergaláctica,27,Orazio Callegaro
220618,Cocina Molecular,24,Licia Dossetti
20392,Filosofía Cuántica,28,Alessandro Varano-Capuana
18447,Historia del Universo Paralelo,20,Elizabeth Munoz
134933,Diseño de Moda Intergaláctica,28,Richard Porter
151296,Artes del Café,21,Gustavo Pisano-Ovadia
177252,Teoría Práctica,18,Rembrandt Pizzamano
168674,Biología Marina,27,Felipe Jeremías Bravo Menéndez
13695,Artes del Café,19,Sandra Young
79192,Psicología Canina,21,Leopoldo Catalá Vélez
113430,Filosofía Cuántica,20,Tammy Miller
173005,Diseño de Moda Intergaláctica,21,Reyes Arranz Isern
25690,Filosofía Cuántica,18,Ninetta Angeli
121462,Turismo Espacial,26,Jafet Figueras-Sosa
205155,Biología Marina,18,Tiffany Russell
216582,Biología Marina,18,Ana Barbero Pons
7363,Diseño de Moda Intergaláctica,30,John Wilson
58028,Biología Marina,21,Ryan Charles
113842,Música para Plantas,25,Michael Little
102398,Psicología Canina,23,Letizia Branciforte
59306,Filosofía Cuántica,23,Danilo del Ordóñez
96722,Historia del Universo Paralelo,30,Jessica de Francisco
126246,Artes del Café,27,Marcella Altera
23837,Diseño de Moda Intergaláctica,27,Monica Cox
85389,Psicología Canina,23,Visitación Anguita Tejada
69257,Música para Plantas,28,Baldassare Marsili
62625,Cocina Molecular,30,Primitivo Rosselló-Cañete
152820,Filosofía Cuántica,22,Tina Olsen
113626,Biología Marina,22,Ruperto Jordán Alvarado Uriarte
216069,Psicología Canina,29,Jennifer Burton
210659,Música para Plantas,30,Dott. Piersanti Sollima
173939,Filosofía Cuántica,21,Isa Jerez Cabañas
128978,Turismo Espacial,24,Annalisa Adinolfi
135695,Teoría Práctica,26,David Sullivan
96588,Psicología Canina,29,Cristina Rensi-Scalfaro
161758,Historia del Universo Paralelo,27,Romeo Salvo
30149,Biología Marina,19,Juliana Barba Solana
130793,Filosofía Cuántica,21,Natasha Brown DVM
242759,Biología Marina,19,Eva Álamo Ballester
104383,Turismo Espacial,21,Christopher Rodriguez
124227,Filosofía Cuántica,27,Isa Ottino
241240,Diseño de Moda Intergaláctica,28,Casey Barker
150241,Biología Marina,30,Graziella Interminei
47718,Artes del Café,20,Ezequiel Lloret Estrada
227617,Biología Marina,28,Úrsula de Pedrero
175883,Artes del Café,30,Clara Carrillo
180468,Cocina Molecular,27,Theresa Heath
216505,Diseño de Moda Intergaláctica,21,Leonardo Fernández Martinez
32245,Artes del Café,21,Elena Giovine
10262,Turismo Espacial,25,Graciano Pujol Badía
72380,Música para Plantas,22,Marcella Papafava
116100,Diseño de Moda Intergaláctica,27,Edward Jones
162437,Psicología Canina,24,Fabrizio Gasperi
104448,Filosofía Cuántica,25,Roberta Fogazzaro
160505,Turismo Espacial,25,Marianela Nebot Benítez
223427,Teoría Práctica,30,Bradley Bowman
126741,Historia del Universo Paralelo,28,Colleen Perez
208350,Biología Marina,25,Ashley Underwood
203074,Diseño de Moda Intergaláctica,24,Marina Salieri
164161,Música para Plantas,18,Samantha Wright
129582,Biología Marina,20,Emigdio Vara Gutiérrez
167897,Teoría Práctica,20,Sig. Gianfrancesco Mazzacurati
39124,Psicología Canina,27,Olivia Rodriguez
217492,Psicología Canina,24,Kevin Freeman MD
96647,Diseño de Moda Intergaláctica,22,Alba Palacio Segarra
217497,Teoría Práctica,20,Tonya Shepherd
12350,Turismo Espacial,29,Alex Greene
13118,Historia del Universo Paralelo,19,Albano Barrio
127814,Música para Plantas,27,Anita Ureña Caballero
23880,Teoría Práctica,23,Gail Johnson DVM
31301,Cocina Molecular,21,Bonifacio Cortes Velázquez
135528,Artes del Café,19,Silvio de Mir
71989,Teoría Práctica,20,Buenaventura Gálvez Agudo
53324,Turismo Espacial,30,Rosaura Santamaría Noriega
149427,Música para Plantas,20,Federica Tron-Sordi
119429,Artes del Café,22,Bernardino Rovira Mena
153808,Diseño de Moda Intergaláctica,25,Haydée Godoy Céspedes
55605,Artes del Café,19,Aria Scarpetta
132611,Turismo Espacial,27,Andrea Davidson
214481,Artes del Café,27,Annunziata Renier
184169,Turismo Espacial,26,Elodia del Toledo
184644,Filosofía Cuántica,21,William Marshall
37723,Música para Plantas,24,Sig.ra Carolina Guariento
92904,Historia del Universo Paralelo,27,Alderano Boldù
42043,Teoría Práctica,27,Jessica Camacho
107864,Filosofía Cuántica,27,Maria Baroffio
31532,Turismo Espacial,18,Ludovica Ortolani
55051,Turismo Espacial,22,Joyce Collins
22312,Historia del Universo Paralelo,28,Liana Moschino-Greggio
94858,Psicología Canina,27,Marco del Vicens
113911,Música para Plantas,29,Eligio Canet-Montero
29460,Teoría Práctica,29,Fabiana Sáenz Dávila
216125,Psicología Canina,20,Pablo Roldan Gallardo
170025,Psicología Canina,30,Cecilia Balbi
99058,Música para Plantas,23,Pier Vecellio
113103,Cocina Molecular,22,Lisa Argentero
88921,Música para Plantas,18,Dott. Francesco Sabbatini
21985,Música para Plantas,30,Bibiana del Nogueira
164290,Teoría Práctica,26,Raffaellino Branciforte
180483,Turismo Espacial,22,Daniel Hutchinson
124755,Biología Marina,25,Dott. Raffaellino Romiti
139383,Filosofía Cuántica,29,Marco Giner Fabregat
168699,Cocina Molecular,24,Rosario Zaragoza-Pino
150934,Filosofía Cuántica,20,Manuel Bush
83355,Música para Plantas,24,Mary Wolfe
194996,Cocina Molecular,30,Timothy Lopez
67443,Historia del Universo Paralelo,20,Barbara Black
199390,Psicología Canina,30,Graziano Pometta
130434,Biología Marina,21,Cesar Riera Durán
2905,Psicología Canina,24,Jose Miguel Calvo Escamilla
180089,Cocina Molecular,28,Eva Zanichelli
189846,Biología Marina,24,Jacob Silva
229957,Psicología Canina,24,Luigina Gemito
216374,Diseño de Moda Intergaláctica,18,Donatello Brenna
134520,Historia del Universo Paralelo,26,Bernarda Olmo Vera
139893,Historia del Universo Paralelo,30,Morena Gucci
178772,Diseño de Moda Intergaláctica,25,Martin del Gámez
77255,Teoría Práctica,18,Pepe Andrade Pi
95700,Turismo Espacial,19,Shannon Flores
9003,Historia del Universo Paralelo,18,Wendy Wilson
129264,Música para Plantas,24,Jeffrey Greene
190284,Historia del Universo Paralelo,24,Eutropio Cordero Rosa
243995,Psicología Canina,26,Matías Guzmán
84848,Cocina Molecular,19,Joseph Baldwin
126874,Teoría Práctica,29,Cirino de Asensio
152349,Filosofía Cuántica,29,Robin Neal
91918,Cocina Molecular,29,Almudena Gordillo Campillo
121237,Teoría Práctica,28,Ruben Galiano Garriga
33696,Teoría Práctica,28,Jennifer Galvez Marqués
234785,Cocina Molecular,30,Luna Verdejo Escobar
58249,Diseño de Moda Intergaláctica,22,Rufina Gomez Izaguirre
116890,Artes del Café,27,Olga Baglioni
211056,Teoría Práctica,24,Salvatore Nosiglia
49396,Artes del Café,23,Monica Cooper
110940,Teoría Práctica,28,Dott. Romana Orsini
136614,Artes del Café,23,Cynthia Vincent
137119,Historia del Universo Paralelo,21,Sarah Cortez
122885,Artes del Café,29,Hannah Johnson
32094,Teoría Práctica,26,Remedios Lozano Noriega
13087,Historia del Universo Paralelo,30,Calcedonio Palladio
93731,Turismo Espacial,18,Ximena Rivas Ferrándiz
224407,Teoría Práctica,25,Concetta Basso
162558,Historia del Universo Paralelo,26,Román Camacho-Bru
109170,Historia del Universo Paralelo,28,Dolores del Catalán
40562,Filosofía Cuántica,23,Carol Adams
87096,Turismo Espacial,28,David Johnson
212303,Música para Plantas,30,Modesta Alemany Río
119192,Cocina Molecular,28,Jordan Walker
1183,Cocina Molecular,24,Sig.ra Milena Federici
58357,Música para Plantas,30,Todd Welch
36208,Biología Marina,29,Dott. Augusto Vasari
182055,Filosofía Cuántica,21,Chad Warner
107585,Artes del Café,21,Agustina Vives Arco
204777,Música para Plantas,25,Modesto Moliner-Asensio
241963,Teoría Práctica,18,Miguel Ortuño Tur
105893,Música para Plantas,25,Roldán Grande
203103,Música para Plantas,28,Giovanni Giunti
161618,Artes del Café,23,Kayla Ramos
6329,Diseño de Moda Intergaláctica,22,Adamo Vercelloni
57631,Artes del Café,29,Licia Udinesi
82602,Teoría Práctica,29,Tanya Brown
7424,Música para Plantas,29,Belén Modesta Paniagua Moraleda
119558,Filosofía Cuántica,18,Niccolò Metella
106995,Diseño de Moda Intergaláctica,18,Angela Griffin
39471,Biología Marina,26,Cesare Ruggeri-Grisoni
127707,Diseño de Moda Intergaláctica,30,Leonardo Alfieri
137810,Filosofía Cuántica,22,Darren Adams
121218,Turismo Espacial,27,Megan Larson
226293,Teoría Práctica,27,María Carmen Piñol Álvarez
184128,Turismo Espacial,22,Margaret Stevenson
236408,Cocina Molecular,23,Amadeo Nonis-Luzi
133031,Turismo Espacial,26,Brunilda Lastra Cabrera
223147,Diseño de Moda Intergaláctica,23,Cristian Amigó Pons
93070,Artes del Café,29,Rachel Myers
186346,Historia del Universo Paralelo,27,Chema Armas
243349,Artes del Café,26,Brianna Erickson
59638,Biología Marina,30,Eugenio de Sanz
52986,Cocina Molecular,24,Encarnita Valverde Rivera
22712,Diseño de Moda Intergaláctica,28,Robert Anderson
79031,Biología Marina,24,Félix Juan
130475,Turismo Espacial,23,Brandi Martin
62121,Teoría Práctica,19,Mrs. Natalie Estrada
179679,Turismo Espacial,21,Toni Castellitto-Casini
178775,Historia del Universo Paralelo,20,Susan Mcdonald
55026,Música para Plantas,27,Carolyn Gray
54215,Turismo Espacial,27,Oreste Argento
148573,Artes del Café,22,David Mendez
7145,Cocina Molecular,25,Chelo Rosado Pera
49298,Artes del Café,30,Lauretta Pellegrini
96324,Turismo Espacial,20,Jolanda Boccaccio
215709,Artes del Café,19,Jessica James
111300,Cocina Molecular,24,Uberto Buonauro
137755,Teoría Práctica,25,Antonina Ciampi
213745,Teoría Práctica,20,Alec Roberts
67583,Turismo Espacial,30,Sig.ra Adele Comeriato
38038,Filosofía Cuántica,30,Mariana Montoya-Salazar
230420,Turismo Espacial,26,Jeremy Elliott
231738,Turismo Espacial,28,Concha María Calleja Otero
111361,Teoría Práctica,26,Bernardino Borja
230095,Teoría Práctica,21,Vincenza Beccheria
56522,Teoría Práctica,26,Kristen Morris
81031,Psicología Canina,26,Dott. Benedetto Montecchi
70827,Turismo Espacial,22,Coluccio Barbarigo-Santi
164531,Psicología Canina,24,Melania Curci
215058,Teoría Práctica,29,Feliciana Pomares
180037,Teoría Práctica,29,Julie Hunter
175579,Biología Marina,25,Ruy Parejo Díez
217381,Teoría Práctica,24,Lee Cooley
174518,Cocina Molecular,27,Austin Willis
75542,Turismo Espacial,24,Dott. Elena Monaco
187565,Diseño de Moda Intergaláctica,22,Zacarías del Ferrera
32498,Historia del Universo Paralelo,23,Philip Knight
110398,Psicología Canina,27,Josué Antúnez Porta
233392,Cocina Molecular,30,Greca Aloisio
192758,Turismo Espacial,18,Antonella Lovato-Angiolello
67454,Diseño de Moda Intergaláctica,20,Leocadia Carretero Pérez
174229,Psicología Canina,18,Allegra Barozzi-Pagliaro
200191,Turismo Espacial,27,Brian Pena
234933,Filosofía Cuántica,27,Dott. Liana Tacchini
227705,Filosofía Cuántica,18,Sig. Enzio Monicelli
197608,Cocina Molecular,25,Sig. Ettore Manzoni
216654,Historia del Universo Paralelo,28,Hannah Davis
71485,Biología Marina,28,Sig. Guarino Morosini
90912,Artes del Café,26,Valeria del Gámez
214974,Diseño de Moda Intergaláctica,20,Dott. Sonia Montesano
109574,Música para Plantas,18,Kevin Flowers
14377,Turismo Espacial,20,Germán Fernández Hervás
227843,Cocina Molecular,20,Sarah Stewart
17163,Diseño de Moda Intergaláctica,28,Damián Noriega Lumbreras
224139,Cocina Molecular,27,Sandy Rose
248233,Turismo Espacial,27,Gary Palmer
99446,Música para Plantas,29,Viridiana Tozzo
226484,Psicología Canina,23,Giacomo Sagese-Ughi
178611,Teoría Práctica,22,Basilio Cueto Santos
84525,Historia del Universo Paralelo,18,Bruno Bocelli-Venditti
236012,Música para Plantas,22,Carla Calzada Armengol
215321,Diseño de Moda Intergaláctica,21,Costantino Morlacchi
160612,Artes del Café,22,Blas Serna
99408,Psicología Canina,22,Rebeca Castillo Luján
96818,Diseño de Moda Intergaláctica,27,Lucia Bettin
73614,Psicología Canina,21,Perry Lewis
213768,Música para Plantas,22,Michael Henry
241075,Música para Plantas,21,María Luisa Arribas Zamora
222178,Filosofía Cuántica,25,Pierina Bonaventura
85580,Historia del Universo Paralelo,28,Amy Howard
204098,Artes del Café,18,Camillo Campanella-Fogazzaro
188235,Diseño de Moda Intergaláctica,23,Joaquina Barba Cerdá
122984,Psicología Canina,25,Anna Allen
81973,Diseño de Moda Intergaláctica,29,José Ángel Briones-Salas
90615,Cocina Molecular,27,Montserrat de Ballester
165391,Música para Plantas,25,Scott Welch
77460,Turismo Espacial,29,Justin Medina
59523,Cocina Molecular,19,Dott. Guarino Moneta
204499,Artes del Café,27,Salomón del Blazquez
245143,Filosofía Cuántica,24,Arnulfo Moneta
32683,Historia del Universo Paralelo,20,Pascual Antonio Nadal Ugarte
159884,Filosofía Cuántica,28,Gilberto Majorana
83529,Psicología Canina,30,África Arjona
199900,Turismo Espacial,28,Bradley Henderson
53508,Psicología Canina,23,Graziano Ortolani-Angiolello
178630,Filosofía Cuántica,24,Cesar Heriberto Feliu Aroca
14448,Filosofía Cuántica,26,Brian Boyd
123798,Turismo Espacial,26,Randall Bryant
55031,Artes del Café,24,Nydia Romero-Dominguez
216569,Biología Marina,27,Esmeralda Teruel Folch
12317,Filosofía Cuántica,25,Timothy Smith
32892,Filosofía Cuántica,23,Ignacia Parejo Nebot
60049,Música para Plantas,24,Amanda Parrish
22637,Diseño de Moda Intergaláctica,24,Heraclio Luna Alfonso
248996,Teoría Práctica,22,Louis Reed
46271,Cocina Molecular,23,Ligia Espinosa Téllez
194948,Historia del Universo Paralelo,24,Carly Lee
164386,Filosofía Cuántica,27,Douglas Torres
112432,Turismo Espacial,18,Hugo Revilla Serrano
197913,Turismo Espacial,21,Gail Owens
125704,Filosofía Cuántica,28,Consuelo Arce Rubio
2367,Teoría Práctica,22,Yésica Caro
2127,Biología Marina,20,Bailey Farmer
158534,Teoría Práctica,23,Jeremy Torres
243830,Turismo Espacial,19,Aaron Dawson
195665,Psicología Canina,29,Alfredo Ariño-Paz
151628,Historia del Universo Paralelo,23,Rodolfo Gallart Sales
85248,Diseño de Moda Intergaláctica,26,Milagros del Cuéllar
159016,Historia del Universo Paralelo,28,Henry Rhodes
65545,Psicología Canina,21,Esmeralda Guzman-Peiró
175469,Biología Marina,20,Cirillo Sokolov
1894,Diseño de Moda Intergaláctica,22,Lucho Cortina Marin
219963,Turismo Espacial,24,Torquato Carducci
168008,Artes del Café,20,Joseph Aguilar
212257,Cocina Molecular,24,Juan Pablo Yáñez-Carreras
167661,Música para Plantas,26,Paola Foa
189891,Cocina Molecular,28,Griselda Notarbartolo-Gatto
239665,Psicología Canina,30,María Pons Tenorio
184737,Artes del Café,20,Nereida Quero Cabeza
7681,Diseño de Moda Intergaláctica,19,Sarah Khan
209250,Biología Marina,29,Salvatore Fagiani
233475,Filosofía Cuántica,20,Christina Bennett
124176,Psicología Canina,18,María Ángeles Marco-Saura
158744,Psicología Canina,25,Alderano Guglielmi-Babbo
18064,Filosofía Cuántica,30,Manuel Torrecilla Boix
20276,Cocina Molecular,23,Ida Scarpa
192823,Música para Plantas,29,Bailey Williams
73705,Psicología Canina,22,Nicola Aporti-Contarini
33825,Historia del Universo Paralelo,20,Mrs. Sabrina Floyd
228946,Biología Marina,28,Lilla Alonzi
193403,Filosofía Cuántica,20,María Campo Gilabert
62386,Teoría Práctica,25,Belen del Giner
172733,Filosofía Cuántica,21,Corrado Rossi
13436,Artes del Café,24,Dott. Cecilia Anguissola
93183,Diseño de Moda Intergaláctica,27,Nicholas Glover MD
14224,Filosofía Cuántica,29,Adamo Zaguri
16731,Psicología Canina,24,Maurizio Ortese-Gabbana
54303,Teoría Práctica,27,Nancy Wilson
107946,Historia del Universo Paralelo,30,Griselda Roura
150065,Artes del Café,22,Juanito Cifuentes Español
156332,Cocina Molecular,27,Martino Amato-Interminei
133138,Turismo Espacial,29,Thomas Owens
195222,Biología Marina,19,Manuel Zabala Iglesia
122833,Psicología Canina,26,Caitlin Pollard
81451,Psicología Canina,27,Loredana Fibonacci
192937,Música para Plantas,29,Alex Iriarte Casas
63378,Artes del Café,21,Ricarda Benítez Canet
212842,Diseño de Moda Intergaláctica,30,Fernanda Grande Gutierrez
14161,Teoría Práctica,30,Germana Finetti
55644,Cocina Molecular,26,Annette Serrano
61062,Música para Plantas,24,Azahar Ramis
215069,Filosofía Cuántica,23,Mireia Donoso Fábregas
21792,Psicología Canina,25,Dott. Pier Porzio
105363,Música para Plantas,30,Joshua Collier
183048,Música para Plantas,30,Heather Ramirez
180248,Biología Marina,19,Mattia Lucchesi
84541,Filosofía Cuántica,18,Zaida del Estevez
125774,Diseño de Moda Intergaláctica,26,Aaron Wood
83827,Turismo Espacial,25,Paula Zaragoza
178515,Filosofía Cuántica,27,Emma Aller Guitart
181470,Música para Plantas,27,Haydée Tejedor Batlle
187533,Biología Marina,28,Juliana de Lastra
182410,Turismo Espacial,25,Corrado Cugia
29358,Teoría Práctica,18,Barbara Smith
73877,Turismo Espacial,24,Ezequiel Blasco Gonzalez
10331,Cocina Molecular,19,Holly Liu
16967,Cocina Molecular,30,Flora Bazzi-Gatto
178017,Diseño de Moda Intergaláctica,29,Ezequiel Benet Sevillano
88244,Historia del Universo Paralelo,22,Juan Campo
117600,Teoría Práctica,19,Lina Caccianemico
110596,Cocina Molecular,18,Sancho Amador Mendoza
69334,Música para Plantas,19,Massimiliano Zaccagnini
144170,Historia del Universo Paralelo,29,Jessica Harris
17485,Cocina Molecular,19,Derrick Richardson
188299,Cocina Molecular,21,Teo Rodrigo Riba
62712,Psicología Canina,29,Antonia Galindo-Roldan
27353,Música para Plantas,24,Berta Belda Méndez
235093,Artes del Café,25,Alex Seguí Camps
57555,Historia del Universo Paralelo,25,Carl Marsh
163373,Música para Plantas,23,Mr. Mark Davis DDS
65655,Cocina Molecular,29,Theresa Pollard
4894,Turismo Espacial,25,Andrew Choi
106729,Artes del Café,20,Benito del Pérez
201094,Turismo Espacial,22,Patrick Myers
11917,Turismo Espacial,29,Dott. Letizia Cibin
211210,Biología Marina,29,William Frye
47662,Biología Marina,22,Renato Carbonell Fiol
249993,Artes del Café,20,Malena del Miguel
5559,Artes del Café,20,Mr. Jason Chang
195274,Filosofía Cuántica,26,Kristina Schneider
141356,Biología Marina,26,Courtney Adams
171258,Música para Plantas,27,Dario Fabrizi
50801,Música para Plantas,19,Victor Pena
144789,Diseño de Moda Intergaláctica,28,María José Bayona Rivera
232878,Cocina Molecular,20,Brenda Ramos
34349,Psicología Canina,18,Eligia Infante Conesa
58912,Cocina Molecular,30,Christopher Johnson
199384,Cocina Molecular,29,Silvio del Ortega
149322,Turismo Espacial,30,Mohamed León Grau
86473,Psicología Canina,20,Dott. Sante Gianinazzi
116825,Artes del Café,28,Kimberly Russell
228006,Historia del Universo Paralelo,27,Romana Botta-Mattarella
210249,Artes del Café,30,Palmira López Elorza
56828,Teoría Práctica,26,Iván Casanova Pujadas
20182,Historia del Universo Paralelo,24,Jeffery Pratt
162161,Psicología Canina,28,Concepción Gomila Casanova
233336,Diseño de Moda Intergaláctica,21,Denise Long
121989,Artes del Café,28,Steven Simon
8656,Biología Marina,21,Rafa Torrijos
98081,Cocina Molecular,23,Teodosio Bou Sala
218761,Psicología Canina,30,Melissa Jones
208571,Música para Plantas,21,Sig. Pierpaolo Caironi
13835,Filosofía Cuántica,27,Dana Allen
182915,Diseño de Moda Intergaláctica,24,Kenneth Lewis
84928,Diseño de Moda Intergaláctica,21,James Martinez
39922,Turismo Espacial,30,Vittorio Dossi-Curiel
237713,Biología Marina,29,Benigno Fábregas Alfonso
157227,Biología Marina,23,Marcella Tomei
32914,Biología Marina,25,Ale Rosselló Ferrero
55617,Historia del Universo Paralelo,19,Cindy Hood
183197,Filosofía Cuántica,24,Dennis Gonzalez
214946,Turismo Espacial,27,Maristela Sobrino Morán
132463,Música para Plantas,18,Claudia Araceli Clavero Ariño
167136,Historia del Universo Paralelo,20,Geronimo Riccardi
96068,Diseño de Moda Intergaláctica,19,Juan José Pinto Ayllón
2938,Artes del Café,23,Guiomar del Vilanova
111954,Psicología Canina,23,Vanessa Wheeler
15027,Psicología Canina,20,Ruggiero Sollima
177219,Biología Marina,30,Jennifer Eaton
208338,Diseño de Moda Intergaláctica,26,Robert Patterson
185711,Filosofía Cuántica,23,Kathleen Barker
71432,Música para Plantas,28,Cynthia Burnett
116358,Artes del Café,29,Timothy Li MD
154962,Historia del Universo Paralelo,25,Estela de Navarrete
198490,Música para Plantas,19,Sheila Black
161587,Biología Marina,30,Maura Dávila Sáenz
23612,Psicología Canina,30,Roberta Adora Redondo Andres
99906,Cocina Molecular,26,Sig. Corrado Bompiani
246887,Psicología Canina,28,Fidela Menéndez Armas
55827,Turismo Espacial,26,Clemente Castro-Cobo
90592,Turismo Espacial,18,Michele Flores
8440,Turismo Espacial,22,Thomas Hutchinson
2738,Historia del Universo Paralelo,23,Marco Manacorda
68616,Teoría Práctica,27,Áurea Miralles-Palacio
150179,Artes del Café,24,Fabia Alfonsi
93317,Psicología Canina,24,Sig.ra Lauretta Tognazzi
194107,Cocina Molecular,23,Sig.ra Griselda Innocenti
95844,Filosofía Cuántica,27,Camillo Casalodi
53249,Artes del Café,19,Ximena Martín Piñol
215577,Artes del Café,24,David Gibson
42629,Música para Plantas,27,Joshua Snow
171022,Teoría Práctica,19,Panfilo Cannizzaro-Blasi
49241,Teoría Práctica,23,Jimmy Delacruz
144022,Música para Plantas,24,Agnolo Babati-Ostinelli
151441,Psicología Canina,18,María Dolores Renata Belda Tamayo
4614,Teoría Práctica,27,Juanito del Mir
86723,Artes del Café,22,Nereida Almansa Moliner
50442,Música para Plantas,28,Aurora Gigli
249284,Turismo Espacial,22,Valentina Morlacchi
199047,Música para Plantas,28,Nathaniel Sharp
48585,Psicología Canina,30,Aaron Mcmillan
212845,Historia del Universo Paralelo,28,Cándida Tirado Lillo
165585,Historia del Universo Paralelo,28,Fausto Ritacca-Ottino
48902,Cocina Molecular,25,Fidela Naranjo-Castañeda
126054,Artes del Café,27,Emily Rivera
28926,Filosofía Cuántica,24,Dina Gradenigo
44640,Diseño de Moda Intergaláctica,30,Valentín Alberto-Lillo
19068,Cocina Molecular,19,Martha Ramirez
117506,Psicología Canina,23,Marcela Jara Robledo
71412,Teoría Práctica,27,Sig. Ansaldo Scalera
40758,Filosofía Cuántica,19,Amico Martucci
221031,Historia del Universo Paralelo,27,Dott. Teresa Carriera
21463,Filosofía Cuántica,23,Eusebia Bustos Luque
236667,Cocina Molecular,26,Keith Green
152714,Diseño de Moda Intergaláctica,27,Daniel Mayo
106541,Filosofía Cuántica,22,Katherine Heath
227068,Cocina Molecular,19,Leonardo Boito
221167,Cocina Molecular,22,Dante Rizzoli
138861,Cocina Molecular,23,Hector León Garriga
143297,Música para Plantas,20,Sharon Edwards
73901,Artes del Café,25,Pánfilo Palau Pedrosa
166454,Teoría Práctica,27,Dolores Aragón-Anguita
5825,Teoría Práctica,24,Kim Smith
151141,Biología Marina,22,Valerio Marcacci
6961,Turismo Espacial,25,Michael Jimenez
179420,Teoría Práctica,23,Rebecca Rodriguez
97869,Biología Marina,24,Paula Stevens
22222,Historia del Universo Paralelo,28,Eli Piquer Ibáñez
230023,Artes del Café,20,Lisa Brown
190898,Biología Marina,26,Roque Sastre Guerrero
23537,Diseño de Moda Intergaláctica,22,Cesar Albero
105266,Música para Plantas,30,Megan Moore
179825,Psicología Canina,27,Romeo Chechi
107988,Artes del Café,21,Marcos Tello Cueto
131189,Turismo Espacial,19,Dorotea Marcia Baquero Gárate
106428,Teoría Práctica,25,Victorino Barroso Gallart
134605,Cocina Molecular,26,Sophia Briccialdi
56529,Filosofía Cuántica,23,Robert Bray
227701,Artes del Café,22,Melisa Manuel Pedrero
212671,Historia del Universo Paralelo,21,Ansaldo Chittolini
37685,Música para Plantas,25,Pascual Mario Guerra Sotelo
218846,Turismo Espacial,29,Azahara Matas-Manso
178098,Historia del Universo Paralelo,23,Katherine Russell
196646,Diseño de Moda Intergaláctica,21,Edgardo Manzano
79653,Filosofía Cuántica,30,Julie Cózar-Solís
136262,Cocina Molecular,18,Elizabeth Smith
91229,Psicología Canina,30,Donato Trussardi
174954,Teoría Práctica,19,Paoletta Sanudo
48540,Artes del Café,30,David Delgado
95361,Biología Marina,25,Adriana Valbuena Codina
5941,Psicología Canina,29,Sig.ra Berenice Perozzo
62569,Artes del Café,30,Eleuterio Mendizábal Cantero
164070,Psicología Canina,18,Lonnie Jones
205576,Historia del Universo Paralelo,19,Brenda Baker
126678,Diseño de Moda Intergaláctica,24,Sig.ra Alina Stucchi
220793,Historia del Universo Paralelo,24,Isaac Iborra Díez
161954,Psicología Canina,24,Prudencia Lopez
214644,Diseño de Moda Intergaláctica,18,Roque Colom Mate
101872,Artes del Café,22,Araceli Asenjo Nebot
75799,Psicología Canina,18,Morena Campano
12660,Música para Plantas,23,Karen Baker
220043,Historia del Universo Paralelo,24,Manuel Hill
49271,Cocina Molecular,22,Denise Marshall
205130,Turismo Espacial,25,Esmeralda Bermejo-Álamo
182164,Historia del Universo Paralelo,24,Christopher Stewart
156098,Biología Marina,18,Leonardo Montalbán Zurita
162575,Biología Marina,28,Ilaria Salvini
201087,Cocina Molecular,19,Sandro Odescalchi-Rossetti
34377,Cocina Molecular,30,Karla Guzman
129861,Turismo Espacial,21,José Manuel Asenjo Carnero
115961,Turismo Espacial,28,Cameron Frazier
39540,Diseño de Moda Intergaláctica,30,Giustino Zola
78611,Psicología Canina,22,Zachary Garcia
179049,Psicología Canina,27,Octavio Herrero Casals
222599,Filosofía Cuántica,22,Isaac Rios-Cánovas
139796,Diseño de Moda Intergaláctica,19,Bruno Lombardi
134780,Filosofía Cuántica,19,Paula de Ramón
221981,Artes del Café,28,Dr. Jerry Velez
79226,Artes del Café,25,Tina Cannon
144917,Historia del Universo Paralelo,30,Marco Canil
48547,Filosofía Cuántica,27,Maribel Bravo
118607,Música para Plantas,29,Michael Evans
9724,Música para Plantas,18,Brandon Jones
218490,Música para Plantas,23,Donato Giacconi-Porzio
114814,Filosofía Cuántica,24,Crystal Johnson
126915,Diseño de Moda Intergaláctica,29,Michael Howard
114840,Filosofía Cuántica,25,Calogero Tremonti
150180,Biología Marina,30,Rodney Rocha
223382,Filosofía Cuántica,18,Cebrián Millán
18238,Biología Marina,27,Ale Tena Montaña
88488,Biología Marina,26,Rodolfo Trincavelli
189272,Diseño de Moda Intergaláctica,25,Giustino Montalti
72922,Cocina Molecular,22,Rembrandt Pastine
218530,Música para Plantas,27,Ashley Kramer
5171,Filosofía Cuántica,23,Crystal Dennis
156046,Psicología Canina,20,Sandy Shelton
41104,Historia del Universo Paralelo,19,Ezequiel Barceló Leal
40913,Artes del Café,23,Norberto del Pons
243125,Turismo Espacial,24,Ricky Sparks
241350,Historia del Universo Paralelo,20,Isidoro Carballo Prats
67928,Psicología Canina,28,Graziano Gussoni
52266,Teoría Práctica,23,Octavia Espejo Llano
25753,Teoría Práctica,23,Martino Lucciano
95616,Teoría Práctica,19,Molly Aguilar
221452,Cocina Molecular,24,Bianca Interminei
44363,Teoría Práctica,23,Rachel Wright
108179,Teoría Práctica,18,Matthew Lee
104129,Teoría Práctica,24,Darlene Marks
156015,Historia del Universo Paralelo,30,Nicanor Roda
216816,Turismo Espacial,23,Virgilio Offredi
87661,Psicología Canina,20,Atilio Carro
100689,Biología Marina,22,Ana Frazier
52676,Turismo Espacial,30,Todd Vasquez
221989,Historia del Universo Paralelo,30,Samanta Peral Romero
150653,Artes del Café,29,Pánfilo Bou Palma
211221,Turismo Espacial,24,Mariano Cuzzocrea
116305,Biología Marina,30,Etta Sermonti
69019,Filosofía Cuántica,21,Rebeca Crespi Valentín
92779,Biología Marina,25,Bonifacio Raya Soto
39312,Psicología Canina,18,Jessica Vargas
34286,Psicología Canina,28,Anselmo Timoteo Correa Llano
78035,Biología Marina,28,Terry Bailey
98400,Artes del Café,23,Teresa Tognazzi-Sobrero
50497,Filosofía Cuántica,23,Arnulfo Schicchi
91963,Diseño de Moda Intergaláctica,28,Suzanne Butler
28529,Artes del Café,19,Calisto Zaragoza Batlle
147989,Biología Marina,23,Sue Gonzalez
17582,Teoría Práctica,23,Rogelio Baquero Herrera
19655,Biología Marina,22,Jesusa Nebot
159725,Música para Plantas,23,Rosalinda Campo Guzman
217920,Turismo Espacial,26,Matthew Jacobs
5840,Diseño de Moda Intergaláctica,20,Letizia Mimun-Bassi
146508,Diseño de Moda Intergaláctica,28,Irma Sgarbi
87079,Filosofía Cuántica,28,Livio Almagià
216724,Artes del Café,27,Buenaventura Alberto Matas
128080,Historia del Universo Paralelo,27,Joshua Ayers
132673,Música para Plantas,18,Kevin Barron
95180,Biología Marina,20,Bernardo Ferraris-Vespucci
159607,Música para Plantas,22,Telmo de Roldán
88839,Turismo Espacial,24,Norberto Olmedo Bilbao
156642,Diseño de Moda Intergaláctica,29,Leocadia Caparrós
234426,Turismo Espacial,18,Gloria Bova
227115,Artes del Café,23,Barbara Aguilar
73191,Música para Plantas,18,Nicodemo Merino Querol
170742,Cocina Molecular,20,Yesenia Zimmerman
43736,Psicología Canina,27,Luciana Badía Fuster
161691,Teoría Práctica,26,Haroldo Huguet Goñi
66678,Filosofía Cuántica,24,Jonathon Harrell
75256,Diseño de Moda Intergaláctica,26,Giulietta Carpaccio
137254,Teoría Práctica,23,Chad Smith
183389,Turismo Espacial,30,John Baker
245488,Biología Marina,21,Hugo Porfirio Galvez Iñiguez
138774,Turismo Espacial,19,Ezio Tonisto
198768,Teoría Práctica,29,Ricarda Javiera Caballero Priego
206159,Biología Marina,30,Pía Carmona Rosell
103747,Teoría Práctica,19,Craig Hamilton
16720,Artes del Café,21,Eddie Kelly
241066,Filosofía Cuántica,20,Carmen Zamorano Castilla
159110,Teoría Práctica,29,Dott. Arturo Ricci
63913,Diseño de Moda Intergaláctica,25,Wilfredo Flavio Palacio Agullo
75159,Teoría Práctica,21,Ashley Lee
232081,Diseño de Moda Intergaláctica,26,Vito Pastor Cantón Riquelme
112079,Cocina Molecular,18,Leocadio Solano Montes
57164,Filosofía Cuántica,23,Tara Hester
178397,Música para Plantas,19,Gisela Prieto Carrasco
30983,Cocina Molecular,25,Gianpaolo Schiavone
78598,Psicología Canina,20,Wendy Jones
44177,Teoría Práctica,24,Nicoletta Ponti
58577,Filosofía Cuántica,20,Melissa Caccianemico
137963,Filosofía Cuántica,27,Ninetta Brunello
241074,Turismo Espacial,27,Monica Gomez
183219,Teoría Práctica,25,Giuseppina Squarcione-Visconti
217274,Artes del Café,25,Rosalia Traversa
134885,Filosofía Cuántica,25,Fiorenzo Fittipaldi-Costanzi
51608,Diseño de Moda Intergaláctica,26,Luciano Cociarelli
123484,Psicología Canina,25,Arcelia Roselló Cobo
74133,Teoría Práctica,24,Paola Filippini
149360,Música para Plantas,22,Elizabeth Stanley
224243,Filosofía Cuántica,20,Victoria Mazzocchi
183624,Artes del Café,29,Melania Fusani
152618,Psicología Canina,20,Ilaria Govoni
51500,Cocina Molecular,22,Itziar Español Diéguez
125905,Biología Marina,24,Sandra Ryan
75145,Diseño de Moda Intergaláctica,29,Morena Pertini
63628,Psicología Canina,19,Bonnie Mckenzie
114625,Música para Plantas,18,Wilfredo Isaías Pozuelo Marti
3583,Diseño de Moda Intergaláctica,22,Eleanora Perozzo
163602,Cocina Molecular,25,Tammy Ruiz
222019,Diseño de Moda Intergaláctica,20,Elena de Sarmiento
209498,Historia del Universo Paralelo,18,Herminio Zaragoza-Barón
174009,Teoría Práctica,24,Michael Doyle
174095,Biología Marina,24,Chucho Gallart Suárez
105283,Diseño de Moda Intergaláctica,18,Dionigi Sordi-Scotti
117510,Psicología Canina,21,Cirillo Gozzano-Argentero
191598,Filosofía Cuántica,22,Milagros Navarro Camino
13655,Psicología Canina,26,Virginia Sokolov-Agazzi
2791,Filosofía Cuántica,27,Emma Santamaría
144435,Música para Plantas,24,Dott. Teresa Nievo
6860,Teoría Práctica,20,Lamberto Volta
115440,Diseño de Moda Intergaláctica,18,Emily Jackson
219763,Artes del Café,26,Milena Tornatore-Gozzi
209719,Psicología Canina,21,Ruggiero Turci
52923,Historia del Universo Paralelo,18,Jessica Urrutia Solana
225206,Historia del Universo Paralelo,19,Albina Baños Estrada
134348,Psicología Canina,30,Marcos Galiano Mateu
95146,Biología Marina,23,Ruggiero Bonino-Petralli
94111,Turismo Espacial,20,Ida Crespi
118072,Diseño de Moda Intergaláctica,23,Hector Espejo Amores
45905,Biología Marina,20,Galasso Modugno
217080,Psicología Canina,23,Flora Blanca Martínez
144567,Cocina Molecular,29,Tyler Murphy
10933,Diseño de Moda Intergaláctica,20,Victoriano Alberto Roma
129548,Teoría Práctica,30,David Flavio Álvarez Beltrán
115240,Cocina Molecular,20,Sig. Raffaele Stein
163054,Historia del Universo Paralelo,23,Sandra Harper DVM
80908,Teoría Práctica,25,Vittoria Vivaldi
247311,Teoría Práctica,22,Terri Sandoval
2317,Historia del Universo Paralelo,26,Norman Miller
11454,Cocina Molecular,29,Crystal Cunningham
115253,Artes del Café,30,Emilia Marco Jimenez
8939,Biología Marina,18,Valerio Trillo Matas
26002,Teoría Práctica,21,Lisa Giannini-Ferrabosco
31336,Música para Plantas,23,Corey Mullen
174317,Filosofía Cuántica,19,Goffredo Rinaldi
65378,Filosofía Cuántica,25,Isidro del Macías
11906,Turismo Espacial,30,Remedios del Azorin
6743,Música para Plantas,28,Victoriano de Hernando
48552,Psicología Canina,18,Fanny Estevez-Espada
121984,Teoría Práctica,25,Massimiliano Lettiere
214893,Artes del Café,26,Alyssa Brewer
22372,Filosofía Cuántica,28,Bettina Pigafetta
57537,Turismo Espacial,20,Albano Hervás Gilabert
191045,Turismo Espacial,26,Katherine Johnston
94162,Biología Marina,20,Evan Dorsey
133780,Turismo Espacial,21,Stella Travaglia
53630,Historia del Universo Paralelo,27,Mariano Nacio Porta Segura
21816,Filosofía Cuántica,26,Eli Seco Caparrós
158570,Diseño de Moda Intergaláctica,19,Luis Rodriguez
82499,Psicología Canina,25,Osvaldo Pisani
183040,Psicología Canina,24,Rachel Pacheco
56745,Turismo Espacial,20,Frederick Yates
132390,Diseño de Moda Intergaláctica,20,Cosme Borja Ramírez
78750,Música para Plantas,20,Sosimo Gascón-Cortina
247086,Diseño de Moda Intergaláctica,25,Pierina Palladio
108736,Teoría Práctica,24,Timothy Rodriguez
53411,Música para Plantas,22,Joseph Freeman
54460,Teoría Práctica,23,Carlota de Torrents
23796,Música para Plantas,19,Raffaele Dulbecco
60570,Diseño de Moda Intergaláctica,30,Raimundo Folch
100846,Historia del Universo Paralelo,20,Glen Smith
127671,Biología Marina,20,Dott. Michela Giannotti
46676,Artes del Café,23,Amílcar Eusebio Iborra Martorell
33617,Filosofía Cuántica,21,Roberto Barros Donoso
17272,Historia del Universo Paralelo,29,Osvaldo de Arnal
178262,Turismo Espacial,28,Vincenza Germano-Moretti
108830,Teoría Práctica,28,Cirino Solana Diego
73757,Turismo Espacial,27,Nicholas Reynolds
208472,Música para Plantas,27,Sharon Singh
154484,Historia del Universo Paralelo,22,Vincent Olsen
23779,Biología Marina,25,Sancho Ródenas Zurita
8589,Artes del Café,28,Jimena Hoz Iriarte
91126,Biología Marina,25,Karen Miller
17498,Artes del Café,24,Enzo Parini
76127,Artes del Café,26,Angelina Guitart
45524,Filosofía Cuántica,21,Salvador Gálvez España
154736,Filosofía Cuántica,23,Dott. Dante Castioni
187999,Música para Plantas,29,Dott. Micheletto Bersani
190878,Biología Marina,21,Apolinar Burgos Montalbán
144553,Filosofía Cuántica,23,Dott. Piersanti Boitani
113848,Turismo Espacial,22,Marina Carmona Bilbao
160057,Historia del Universo Paralelo,22,Chucho Segarra Artigas
146572,Música para Plantas,21,Chema Azorin-Domínguez
6206,Música para Plantas,23,Jennifer Taylor
240499,Historia del Universo Paralelo,18,Benita Calleja Uribe
41857,Psicología Canina,19,Heraclio Roldan Cuevas
84003,Música para Plantas,21,Jared Leonard
38782,Música para Plantas,22,Matthew Pruitt
204120,Psicología Canina,30,Dott. Amalia Trillini
249379,Biología Marina,26,Sabrina Bullock
125826,Artes del Café,25,Mr. Craig Tran
65519,Historia del Universo Paralelo,26,Angelo Venier
112965,Música para Plantas,30,Tami Butler
124223,Teoría Práctica,27,Angelina Azcona
223919,Biología Marina,28,Sig. Gaspare Briccialdi
51085,Música para Plantas,26,William Jackson
52871,Artes del Café,26,Evaristo Ochoa Barceló
239688,Música para Plantas,28,Karen Bell
55290,Turismo Espacial,21,Coral Carbó Elías
43536,Artes del Café,21,Sara Flores
175534,Turismo Espacial,27,Serena Perini-Sommaruga
200133,Música para Plantas,27,Sig. Massimo Parini
237066,Artes del Café,27,Gabriella Leonetti
153658,Historia del Universo Paralelo,30,Giulietta Segrè
45266,Diseño de Moda Intergaláctica,27,Morena Lettiere
71750,Artes del Café,19,Gianna Montanari-Giusti
108694,Psicología Canina,18,Cameron Alvarez
238327,Música para Plantas,22,Paula Alegre Palomar
148564,Teoría Práctica,21,Edmundo Oliveras Rico
228938,Música para Plantas,22,Tamara Peterson
26238,Artes del Café,27,John Ortiz
70097,Teoría Práctica,27,Krystal Parker
222455,Diseño de Moda Intergaláctica,29,Patrick Reyes
225651,Historia del Universo Paralelo,19,Patrick Martin
66090,Turismo Espacial,22,Letizia Cuda
123468,Filosofía Cuántica,23,Greco Zabarella-Lercari
128436,Teoría Práctica,21,Diana Mcfarland
188612,Psicología Canina,30,Bryan Molina
243641,Artes del Café,27,Poncio Armengol Palma
163073,Música para Plantas,23,Pío Paniagua-Figuerola
110238,Biología Marina,27,Sandra Andrade Santos
46936,Historia del Universo Paralelo,20,Rolando Calbo
204012,Música para Plantas,21,Ryan Grant
192588,Psicología Canina,29,Jesús Vilalta Montaña
10689,Psicología Canina,18,Brian Murray
2736,Psicología Canina,22,Gustavo Raurica
245807,Turismo Espacial,24,Damiano Bocelli-Niscoromni
190666,Psicología Canina,26,Celso Segarra Barberá
206735,Música para Plantas,26,Benjamín Núñez Raya
63859,Cocina Molecular,30,Andrea Puente Arco
50547,Filosofía Cuántica,21,Olga Deledda
129602,Biología Marina,28,Antonietta Malpighi
248111,Filosofía Cuántica,19,Valerio del Enríquez
217677,Historia del Universo Paralelo,30,Jennifer Martin
199852,Historia del Universo Paralelo,20,Benito Falloppio
32635,Música para Plantas,26,Gonzalo Julián Nogués Luz
26946,Teoría Práctica,21,María Ángeles Rueda Alba
156460,Cocina Molecular,20,Nadia Carrera-Tolosa
92158,Artes del Café,23,Nicodemo Somoza Ferrández
224790,Diseño de Moda Intergaláctica,18,Lodovico Casagrande
165241,Música para Plantas,27,Michael Thomas
29212,Teoría Práctica,18,Steven Miller
118442,Biología Marina,22,Tiziano Panicucci
242852,Diseño de Moda Intergaláctica,28,Noelia Antón Verdú
7149,Teoría Práctica,19,Elmo Rosselli
135085,Teoría Práctica,20,Diana Díaz Castañeda
93851,Psicología Canina,28,Hipólito del Reina
55902,Historia del Universo Paralelo,30,Darrell Michael
4093,Historia del Universo Paralelo,28,Dott. Franco Bignami
28821,Artes del Café,30,Thomas Li
3944,Historia del Universo Paralelo,18,Matthew Henderson
33191,Música para Plantas,28,Meagan Holland
219768,Filosofía Cuántica,26,Danielle Mitchell
170329,Historia del Universo Paralelo,22,Mercedes Seddio
238736,Teoría Práctica,23,Anna Glass
245129,Turismo Espacial,27,Raymond Gibson
155865,Teoría Práctica,22,Marcantonio Zamengo
108405,Cocina Molecular,29,Lidia Toselli-Cutuli
9834,Artes del Café,20,Dott. Dario Ferragni
233623,Teoría Práctica,27,Isaura del Oliva
170224,Teoría Práctica,25,Angelo Petrucci
169494,Biología Marina,29,Mrs. Stephanie Sullivan
50763,Cocina Molecular,24,Irma Arévalo
122241,Artes del Café,18,Isaac Valls Alemany
103296,Filosofía Cuántica,29,Melinda Murphy
72595,Historia del Universo Paralelo,29,Tracy Martin
147937,Cocina Molecular,18,Patricia Huff
138731,Diseño de Moda Intergaláctica,23,Adelaida Roca Lledó
93977,Cocina Molecular,20,Dott. Lara Brichese
61003,Música para Plantas,22,John White
40518,Psicología Canina,19,Devin Mckee
228704,Biología Marina,28,Juana Carbó Esparza
124218,Cocina Molecular,20,Osvaldo Llobet Pagès
149315,Artes del Café,20,Candice Baker
23423,Artes del Café,20,Valerio Téllez Vargas
135710,Teoría Práctica,25,Victoria Sanchez
61986,Artes del Café,25,Fernanda Malenchini
186120,Cocina Molecular,28,Pamela Stein
215535,Artes del Café,26,Stefania Fanucci
53244,Cocina Molecular,27,Jill Crawford
132262,Teoría Práctica,29,Alexander Gilbert
7242,Música para Plantas,26,Cecilia Borrani
2755,Teoría Práctica,28,Felicidad Lara Sans
247586,Turismo Espacial,20,Edelmira de Pizarro
241646,Diseño de Moda Intergaláctica,30,Dott. Oreste Dalla
41334,Biología Marina,29,Julia Sáez Vicens
34712,Teoría Práctica,29,Alyssa Conner
10808,Psicología Canina,25,Emily Phillips
102969,Cocina Molecular,30,Mary Richards
155617,Música para Plantas,26,Joseph Fuller
309,Música para Plantas,29,Leire Encarnita Pedraza Poza
129304,Diseño de Moda Intergaláctica,23,Reina del Sacristán
65461,Artes del Café,28,Torquato Fuseli
63979,Teoría Práctica,30,Barbara Giacconi
234057,Teoría Práctica,28,Rachel Williams
179571,Teoría Práctica,27,Andrea Báez
141797,Artes del Café,29,Samantha Powers
192799,Biología Marina,29,Dott. Cirillo Amaldi
243604,Teoría Práctica,19,Jessica Armengol Vega
205867,Filosofía Cuántica,30,Aurelia Ramón Agullo
123357,Artes del Café,29,Quique Blazquez Murillo
1975,Teoría Práctica,21,Michelangelo Turchetta
202613,Música para Plantas,22,Atilio Vélez Acero
169450,Música para Plantas,21,Milena Caracciolo
120316,Música para Plantas,20,Stefani Villadicani
208324,Artes del Café,20,Sandra Barry
58223,Psicología Canina,22,Karen Ramirez
191094,Turismo Espacial,28,Laura Castro
124798,Biología Marina,28,Anastasia de Aroca
33549,Música para Plantas,28,Rosario de Lucas
227977,Teoría Práctica,26,Shane Simmons
8068,Turismo Espacial,20,Kerry Reyes
172766,Teoría Práctica,29,Belinda Alvarez
61106,Psicología Canina,18,Demetrio Guillermo Villalobos Cal
137164,Teoría Práctica,25,Brian Garcia
83250,Cocina Molecular,24,Patricia Henry
130295,Historia del Universo Paralelo,30,Rita del Montaña
187317,Cocina Molecular,26,Rolando Tenorio
139573,Historia del Universo Paralelo,20,Clímaco Roura Aznar
100029,Teoría Práctica,26,Consuela Cerdá Sanmiguel
85610,Artes del Café,22,Tonia Bramante
68709,Diseño de Moda Intergaláctica,19,Florencia Verdú Frías
119951,Psicología Canina,23,Karen Hines
35267,Historia del Universo Paralelo,19,Christopher Daniel
53830,Diseño de Moda Intergaláctica,23,Calixto Ribas Naranjo
85460,Cocina Molecular,23,Sarah Smith
242239,Psicología Canina,24,María Belén Ortuño Castelló
170831,Diseño de Moda Intergaláctica,30,Sig. Costantino Sgalambro
43531,Teoría Práctica,18,Ángeles Alcolea-Delgado
103127,Psicología Canina,19,Margherita Sordi
25701,Biología Marina,25,Antonello Filogamo
122415,Turismo Espacial,22,Celia Aurelia Castell Zabaleta
60491,Teoría Práctica,22,Bartolomé Diaz Estrada
231085,Artes del Café,27,Rosa María Jurado
148495,Filosofía Cuántica,18,Jacopo Vespucci-Gianvecchio
209019,Turismo Espacial,18,David Munoz
226424,Filosofía Cuántica,30,Amber Hendrix
79706,Música para Plantas,25,Jose Antonio Folch Villalba
9491,Historia del Universo Paralelo,30,Mercedes Carrillo Monreal
121963,Turismo Espacial,27,Édgar Arribas Cisneros
100090,Historia del Universo Paralelo,28,Elisa Battaglia
19839,Psicología Canina,20,Lisa Marsh
53238,Artes del Café,23,Raffaello Camicione
87852,Biología Marina,21,Allison Hardy
117364,Cocina Molecular,29,Ivan Carfagna
85599,Filosofía Cuántica,27,Colleen Gallegos
37341,Historia del Universo Paralelo,23,Tony Rose
166682,Historia del Universo Paralelo,19,Benedetto Armani
61899,Diseño de Moda Intergaláctica,21,Dawn Livingston
88688,Música para Plantas,26,Nicolás Borrás-Prado
37721,Turismo Espacial,19,Uberto Franscini-Tosto
158166,Filosofía Cuántica,24,Jared White
233100,Turismo Espacial,28,Albina Mateo
173272,Cocina Molecular,25,Luis Ángel Bolaños-Cortes
48061,Teoría Práctica,20,Matthew Bell
246902,Biología Marina,19,Sig.ra Alina Frescobaldi
242788,Teoría Práctica,20,Eloy Alfonso Palma
179425,Filosofía Cuántica,22,Epifanio Pizarro Mayoral
135893,Artes del Café,23,Tiziano Accardo
54597,Turismo Espacial,25,Lina Novaro
203502,Turismo Espacial,26,Amanda Falcone
92196,Teoría Práctica,19,Adriano Petrucci-Canevascini
19584,Turismo Espacial,26,Paride Trupiano
46391,Historia del Universo Paralelo,23,Amber Hurst
216249,Turismo Espacial,24,Dulce Bertrán Bustos
50905,Filosofía Cuántica,27,Stella Sismondi
20384,Artes del Café,30,Dott. Arnaldo Casellati
145726,Cocina Molecular,25,Fortunato del Valderrama
238559,Cocina Molecular,27,Clímaco Ferrando Urrutia
202127,Cocina Molecular,20,Dott. Clelia Ceri
140344,Cocina Molecular,24,Rembrandt Caffarelli
203587,Biología Marina,30,Iolanda Rismondo
244193,Cocina Molecular,26,Fortunata de Durán
169711,Artes del Café,28,Griselda Mattarella
75738,Teoría Práctica,21,Janet Roberts
157945,Música para Plantas,27,Lindsey Jarvis
140622,Cocina Molecular,21,Concetta Traversa
183601,Artes del Café,26,Eutimio Iñiguez Giralt
61213,Cocina Molecular,21,Eliana Sollima-Carnera
130028,Teoría Práctica,23,Sig. Vincentio Cicala
108879,Psicología Canina,20,Benedetto Gargallo-Borromeo
124524,Diseño de Moda Intergaláctica,18,Vickie Miller
207907,Psicología Canina,28,Felicidad Nuñez Cabello
800,Artes del Café,26,Timothy Mack
195765,Historia del Universo Paralelo,21,Ramona Alma Morillo Taboada
88230,Psicología Canina,20,Milena Chinnici
197061,Historia del Universo Paralelo,19,Dott. Adamo Orsini
26224,Música para Plantas,23,Constanza Aragón Vidal
183826,Biología Marina,20,Giampaolo Sanudo
72952,Diseño de Moda Intergaláctica,24,Sig.ra Lauretta Cadorna
176166,Turismo Espacial,20,Calcedonio Ariasso
207994,Psicología Canina,25,Ibán Izquierdo Raya
204274,Artes del Café,24,Pasqual Zacchia
187521,Cocina Molecular,23,Michelle Little
56981,Biología Marina,18,Mark Rowe
69593,Psicología Canina,30,Isabel Múñiz Estrada
178512,Música para Plantas,29,Eleanora Argurio
37901,Historia del Universo Paralelo,26,Julieta Escrivá Álvarez
19696,Artes del Café,26,Sig.ra Dolores Bernardi
90310,Música para Plantas,22,Ernesto Vigliotti-Pergolesi
22991,Diseño de Moda Intergaláctica,29,Emilio Tafuri
216048,Teoría Práctica,27,Stefani Scaduto
222179,Biología Marina,21,Amanda Maynard
202607,Diseño de Moda Intergaláctica,20,Tristán Vaquero Águila
36300,Artes del Café,27,Kristina Scott
86798,Biología Marina,25,Jennifer Norton
146541,Biología Marina,26,Dina Giannuzzi
51612,Cocina Molecular,25,Melania Campanella-Malpighi
152202,Teoría Práctica,18,Mrs. Cassandra Brown
49347,Turismo Espacial,20,Onofre Valbuena
193493,Artes del Café,27,Urbano Emiliano Valle Ballester
180360,Turismo Espacial,19,Cristóbal Blanco Casares
54564,Historia del Universo Paralelo,20,Luke Villegas
63106,Teoría Práctica,21,Julia Finley
206050,Diseño de Moda Intergaláctica,26,Nico Jilani
201395,Turismo Espacial,18,Bartolomeo Carullo
92840,Diseño de Moda Intergaláctica,19,Jennifer Singh
124518,Biología Marina,30,Pierina Rossini
139043,Psicología Canina,25,Primitiva Serra
31850,Diseño de Moda Intergaláctica,22,Fernanda Gianetti-Serao
181120,Diseño de Moda Intergaláctica,28,Stanley Merritt
202543,Diseño de Moda Intergaláctica,26,Pietro Zaguri-Traetta
123806,Psicología Canina,18,Marissa Massey
9755,Cocina Molecular,23,Martha Thompson
119227,Historia del Universo Paralelo,18,Beverly Schneider
2029,Música para Plantas,26,Eligio Blazquez Céspedes
176212,Filosofía Cuántica,28,Augusto Bongiorno-Ricciardi
206778,Artes del Café,19,Ermenegildo Castiglione-Montesano
123116,Teoría Práctica,30,Denise Foley
151881,Teoría Práctica,19,Steven Hale
31855,Artes del Café,29,Eulalia Sosa Peiró
157665,Filosofía Cuántica,25,Luciana Greco
6897,Teoría Práctica,22,Gonzalo del Roma
101236,Teoría Práctica,26,Lucila González
39821,Teoría Práctica,26,Milena Perozzo
108427,Biología Marina,29,Zacarías Correa Valbuena
245651,Artes del Café,19,Jose Manuel Hoyos Campo
229034,Música para Plantas,30,Giuliana Lombardi-Fermi
241462,Teoría Práctica,22,Jaime del Luz
152456,Teoría Práctica,18,Chad Knight
108953,Biología Marina,21,Adelardo Guillen Bou
138446,Historia del Universo Paralelo,30,Lisa Spence
72420,Diseño de Moda Intergaláctica,30,Erika Niggli-Endrizzi
96334,Cocina Molecular,20,Giuseppina Vespucci
78131,Psicología Canina,28,Miguel Ángel Amores Bautista
131615,Turismo Espacial,22,Roberta Telesio-Trapanese
241065,Artes del Café,22,Jose Austin
242643,Teoría Práctica,23,James Fleming
188160,Psicología Canina,30,Bruno Zarlino
136054,Teoría Práctica,28,Desiderio Fonseca
145594,Filosofía Cuántica,30,Víctor Alcides Alvarado Pereira
137013,Biología Marina,29,Niccolò Brunelleschi
160461,Artes del Café,23,Sig.ra Maria Geraci
128932,Historia del Universo Paralelo,25,Lucio Acero Rosa
236363,Psicología Canina,26,Shannon Parks
104172,Teoría Práctica,22,Martina Prati
174995,Psicología Canina,27,Dott. Roberto Turci
127630,Filosofía Cuántica,21,Robert Garza
3494,Cocina Molecular,28,Sig.ra Giuliana Virgilio
17580,Artes del Café,19,Eulalia Chus Franch Morales
5657,Cocina Molecular,24,Alexandra Lucero
34016,Música para Plantas,27,Victoria Vidal-Cid
4783,Turismo Espacial,19,Thomas Mata
110186,Teoría Práctica,24,Vittoria Poerio
45573,Psicología Canina,26,Dott. Greca Bottaro
213690,Artes del Café,18,Custodio Pinilla Guzman
44031,Cocina Molecular,23,Jacqueline Soto
199994,Artes del Café,30,Alma Pascuala Pinedo Armas
162904,Filosofía Cuántica,18,Kaitlyn Bonilla
141345,Biología Marina,21,Danielle Nunez
41580,Biología Marina,27,Heliodoro Roldan-Colomer
197926,Cocina Molecular,23,Jill Hernandez
128777,Teoría Práctica,24,Goffredo Salvini-Anguissola
57941,Cocina Molecular,29,Ugo Tarchetti
115263,Filosofía Cuántica,28,Sig.ra Mariana Camilleri
80097,Turismo Espacial,18,Loredana Mazzocchi-Gritti
23667,Cocina Molecular,19,Martino Bignardi
62159,Filosofía Cuántica,18,Nathan Castro
103786,Teoría Práctica,22,Juan Luis Llobet Blanes
8758,Cocina Molecular,30,Godofredo Saura Falcó
191840,Turismo Espacial,18,Melissa Rios
118483,Artes del Café,19,Dott. Mariana Scalera
60483,Turismo Espacial,26,Custodia Teruel Murillo
162909,Historia del Universo Paralelo,24,Donna Bass
41835,Turismo Espacial,18,Ryan Jordan
156039,Música para Plantas,27,Domitila Carrasco Vázquez
81876,Psicología Canina,24,Felix Carlito Escudero Carrasco
49445,Psicología Canina,28,Valentín Agullo Vilar
136000,Cocina Molecular,26,Misty Thompson MD
141892,Música para Plantas,25,Sabina Tena
143564,Música para Plantas,20,Fernando Shaw
244510,Psicología Canina,19,Giacobbe Ferrucci-Bombieri
227527,Psicología Canina,22,Cassandra Casini
241137,Psicología Canina,24,Dott. Federigo Giannini
36399,Historia del Universo Paralelo,22,Anselmo del Moll
249244,Turismo Espacial,23,Jennifer Rodgers
213253,Teoría Práctica,25,Baltasar Sanmiguel
109846,Biología Marina,22,Flor Calzada
134396,Diseño de Moda Intergaláctica,29,María Cristina Paredes Lladó
28026,Historia del Universo Paralelo,26,John Hanson
140560,Biología Marina,22,Garrett Roberts
9306,Turismo Espacial,28,Victoria Fracci
23285,Música para Plantas,20,Eraldo Russo
109241,Turismo Espacial,21,Seve Sala Meléndez
222491,Teoría Práctica,27,Flavia Gatto
223042,Artes del Café,30,Ettore Dellucci-Grassi
18007,Historia del Universo Paralelo,24,Roldán Lobo Colom
221607,Artes del Café,24,Peter Warren
72625,Música para Plantas,21,Brandi Perez
218581,Biología Marina,29,Alphons Bernardini
204379,Turismo Espacial,24,Bernardino de Alegria
114753,Artes del Café,30,Sig. Maurilio Bellucci
50482,Historia del Universo Paralelo,22,Buenaventura Berenguer Robledo
83684,Filosofía Cuántica,26,Silvio Contrafatto
77265,Artes del Café,27,Alondra Cal Bou
77062,Música para Plantas,18,Aura Báez Salazar
110316,Filosofía Cuántica,23,Celia Garcia Bustamante
169861,Filosofía Cuántica,26,María José Benavente Benavent
173027,Música para Plantas,20,Caterina Pennetta
159129,Teoría Práctica,19,Adam Harvey
79711,Artes del Café,18,Sosimo Salazar
139450,Cocina Molecular,25,Wayne Ortega
70892,Psicología Canina,20,Laura Trentini
21576,Diseño de Moda Intergaláctica,23,Lori Stanley
119386,Turismo Espacial,30,Tyler Ali
171586,Música para Plantas,26,Michael Hernandez
241850,Historia del Universo Paralelo,21,Eric David
73844,Diseño de Moda Intergaláctica,24,Romana Udinesi
185629,Psicología Canina,19,Jessica Brown
52935,Diseño de Moda Intergaláctica,25,Renata Casanova Pinto
89515,Psicología Canina,30,Maricruz Marqués Montes
114175,Biología Marina,19,Stephen Santiago
206942,Cocina Molecular,27,Krista Adkins
108565,Historia del Universo Paralelo,26,Carolyn Woods
132067,Diseño de Moda Intergaláctica,22,Aaron Hoover
174790,Turismo Espacial,19,Livia Gadda-Belletini
165571,Biología Marina,20,Melissa Combi-Palombi
93854,Filosofía Cuántica,20,Benvenuto Petruzzi
160765,Historia del Universo Paralelo,26,Vincent Shah
7538,Música para Plantas,23,Eli Belmonte Blazquez
242457,Cocina Molecular,30,Angelino Alcolea Francisco
1402,Turismo Espacial,18,Mariano Tasso-Mozart
191926,Diseño de Moda Intergaláctica,30,Darren Brown
225410,Teoría Práctica,30,Cecilio Aragonés Carreras
219697,Biología Marina,28,Stephanie Cohen
11420,Artes del Café,23,Ariel Leonel Tomas Patiño
33266,Artes del Café,22,Elena Abellán
182507,Diseño de Moda Intergaláctica,22,Sean Hanna
194672,Música para Plantas,28,Candelas Fuertes Sedano
125992,Psicología Canina,18,Alejandro Sebastián Pareja
156630,Teoría Práctica,22,Belén Tomás-Amorós
60056,Artes del Café,26,Xiomara Maldonado Cervantes
175123,Cocina Molecular,18,Greca Tedesco
207953,Historia del Universo Paralelo,22,Petrona Mancebo-Gutiérrez
7076,Artes del Café,30,Matthew Rivera
48155,Historia del Universo Paralelo,18,Serafina Dellucci
36457,Turismo Espacial,20,Rosaria Mascheroni
130564,Teoría Práctica,23,Lisa Allen
182455,Teoría Práctica,28,Clementina Saldaña-Gallego
187750,Psicología Canina,26,Francesco Bersani
131843,Biología Marina,18,Orazio Falcone
130818,Teoría Práctica,24,Sabas Bayón-Mateo
40131,Turismo Espacial,27,Gabriele Salvemini
11603,Cocina Molecular,19,Patty Woodward
125290,Biología Marina,21,Cirino Solera Echevarría
84662,Diseño de Moda Intergaláctica,24,Armando Vera Patiño
51214,Teoría Práctica,25,Evita Ortuño Conesa
168561,Cocina Molecular,18,Puccio Trincavelli-Bertolucci
25414,Artes del Café,18,Ramona Sabatini
181074,Teoría Práctica,30,Jorge Mccullough
27990,Música para Plantas,25,Christian Fuentes
149317,Biología Marina,19,Mercedes Cantimori
72907,Teoría Práctica,29,Berto Garzón-Molins
67419,Música para Plantas,21,Christine Freeman
242645,Diseño de Moda Intergaláctica,26,Douglas Thompson
230948,Filosofía Cuántica,26,Reyes Castells Villegas
160713,Psicología Canina,24,Galo Montenegro Iriarte
12393,Turismo Espacial,29,Loretta Basadonna
186283,Artes del Café,28,Martina Pedraza Aliaga
212273,Cocina Molecular,24,Emilia Vives Valcárcel
116444,Diseño de Moda Intergaláctica,26,Shawn Bond
94752,Teoría Práctica,25,Melvin Watkins
68542,Teoría Práctica,28,Carolina Acerbi
31881,Artes del Café,21,Dott. Hugo Rosiello
236186,Música para Plantas,27,Sol Vaquero
220957,Filosofía Cuántica,29,Macario Arana Mateos
27800,Historia del Universo Paralelo,30,Regina Baker
125998,Música para Plantas,23,Bianca Giradello
60791,Filosofía Cuántica,18,Dott. Serena Sorrentino
37186,Biología Marina,23,Jonathan Ellis
99996,Artes del Café,30,Kristin Sanders
189605,Filosofía Cuántica,21,Kimberly Franco
241930,Cocina Molecular,25,Cloe Cerezo Pons
56592,Diseño de Moda Intergaláctica,22,Elvira Ravaglioli-Sraffa
130040,Filosofía Cuántica,19,Antonio Lucchesi
232489,Biología Marina,27,Antonella Greggio
52603,Historia del Universo Paralelo,18,Stephanie Black
209213,Música para Plantas,29,Pasquale Faugno
85639,Turismo Espacial,29,Román Manjón Tejedor
87957,Psicología Canina,27,Ornella Opizzi
153327,Biología Marina,18,Angela Collins
204106,Historia del Universo Paralelo,26,Johnny Lara
226956,Cocina Molecular,28,Renata Costalonga
178992,Música para Plantas,29,Hernán del Galvez
184366,Historia del Universo Paralelo,19,Danielle Reed
230560,Psicología Canina,27,Adriana Spinelli
152470,Cocina Molecular,26,Julie Francis
124341,Música para Plantas,18,Leandra Anaya Lucas
189999,Turismo Espacial,18,Leonel Gimenez-Elorza
104068,Artes del Café,18,Obdulia Huguet Cadenas
168336,Música para Plantas,28,Gianpaolo Treves
193571,Psicología Canina,20,Elías Pascual Tejada
217460,Biología Marina,30,Bradley Williamson
126714,Turismo Espacial,22,Eva Celestina Esparza Tapia
16067,Teoría Práctica,30,Odalys Valencia Tenorio
75599,Música para Plantas,22,Flavio Comencini-Amato
5721,Diseño de Moda Intergaláctica,29,Atilio del Fabra
207296,Historia del Universo Paralelo,24,Griselda Vicente Escudero
241197,Cocina Molecular,19,Heather Collins
48962,Psicología Canina,25,Brunilda Expósito Ros
189815,Artes del Café,19,Heriberto Botella Pulido
28293,Biología Marina,30,Gioele Beccheria
188423,Filosofía Cuántica,21,Valentina de Ayuso
86737,Filosofía Cuántica,28,Marcela Rocío Fernández Benitez
168314,Historia del Universo Paralelo,23,Cynthia Martin
23289,Artes del Café,18,Bernardo Gálvez Crespo
133451,Música para Plantas,21,Onofre España-Vives
195090,Música para Plantas,27,Rosalia Gaggini
64715,Artes del Café,21,David Henderson
26833,Diseño de Moda Intergaláctica,23,William Wood
105287,Música para Plantas,23,Dott. Romina Ginese
139553,Biología Marina,24,Timothy Rogers
51387,Teoría Práctica,28,Dott. Dino Stucchi
132235,Teoría Práctica,24,Shelia Jarvis
153316,Diseño de Moda Intergaláctica,26,Lando Villadicani
166512,Filosofía Cuántica,20,Ema Álvarez Tamayo
245045,Turismo Espacial,30,Paola Armellini-Caironi
212964,Filosofía Cuántica,29,Jenny Bishop
216610,Historia del Universo Paralelo,18,Joseph Harris
3386,Música para Plantas,27,Tammy Weaver
37629,Artes del Café,28,Michele Medina
56516,Turismo Espacial,20,Jonathan Hall
112116,Filosofía Cuántica,18,Irma Carosone
109029,Teoría Práctica,28,Gianna Spallanzani
50335,Filosofía Cuántica,27,Conrado Barberá Morcillo
20453,Turismo Espacial,22,María Teresa Mesa-Bartolomé
24351,Psicología Canina,30,Ansaldo Nicolucci
122945,Cocina Molecular,29,Shannon Woods
244401,Biología Marina,21,Amedeo Nicolini
128110,Historia del Universo Paralelo,21,Katelyn Chambers
234593,Teoría Práctica,25,Stefani Metella
135552,Biología Marina,30,Michael Young
58388,Turismo Espacial,24,Paul Hawkins
154422,Artes del Café,30,Rita Piane-Marazzi
178156,Filosofía Cuántica,27,Gianpaolo Cuzzocrea-Venturi
220425,Psicología Canina,27,Nazaret del Franco
104252,Música para Plantas,23,Alexander Harrington
140177,Psicología Canina,24,Taylor Lewis
207009,Biología Marina,23,Genoveva del Anglada
169980,Música para Plantas,22,Angelina Tron
147090,Turismo Espacial,23,Verónica Marí-Mancebo
212799,Artes del Café,25,Christopher Bryant
217670,Turismo Espacial,28,Melania Pavarotti
148443,Biología Marina,19,Concepción Merino Tejada
132030,Música para Plantas,29,Robert Webb
200889,Diseño de Moda Intergaláctica,25,Ernesto del Gordillo
93530,Teoría Práctica,28,Michael Ferguson
53252,Biología Marina,18,Lori Kemp
231773,Turismo Espacial,21,Candelario Coello Castejón
51503,Artes del Café,30,Lara Cimarosa
88378,Teoría Práctica,27,Félix Milla Palomar
34685,Diseño de Moda Intergaláctica,21,Elizabeth Harris
151415,Cocina Molecular,18,Aitana Moraleda Ribes
189727,Música para Plantas,24,Lino Garay Falcón
143229,Teoría Práctica,29,Ashley Mcdowell
48140,Turismo Espacial,25,Margaret Tate
51778,Artes del Café,19,Dott. Simone Marzorati
145426,Turismo Espacial,21,Temistocle Casadei-Gullotta
22749,Música para Plantas,20,Edward Whitehead
179132,Música para Plantas,23,Tina Pisaroni-Villarosa
68772,Teoría Práctica,30,Anna Ruiz
109776,Psicología Canina,29,Dott. Livio Giorgetti
148894,Diseño de Moda Intergaláctica,20,Elena Rubbia
128014,Teoría Práctica,29,Jenaro Ibán Bermudez Quintanilla
103083,Historia del Universo Paralelo,23,Gioele Nicolucci-Curci
212164,Artes del Café,18,Jennifer Elliott
43933,Turismo Espacial,20,Brianna Becker
57329,Diseño de Moda Intergaláctica,19,Ugo Giannini
104009,Psicología Canina,19,Ema Calatayud Burgos
89272,Biología Marina,21,Calista Esparza Valbuena
129542,Historia del Universo Paralelo,28,Ruperto de Pablo
46944,Turismo Espacial,23,Michael Norton
38787,Historia del Universo Paralelo,22,Joaquín Agapito Ureña Crespo
26140,Artes del Café,29,Kayla Cook
218540,Teoría Práctica,23,Pablo Almazán Manzanares
214859,Música para Plantas,18,José de Cabanillas
27084,Biología Marina,24,Julie Ray
3547,Biología Marina,21,Salvatore Zaguri
93559,Música para Plantas,18,Chema Ferrándiz Sanjuan
223585,Música para Plantas,21,Livia Scotto
202476,Artes del Café,28,Camila Huguet Alonso
26642,Teoría Práctica,26,Joel Romero
213112,Música para Plantas,21,Isidro Ferrán Villalba
21521,Artes del Café,27,Gabriela Madrid Sastre
77159,Biología Marina,19,Giuseppe Dalla
81346,Artes del Café,19,Ivan Mazzanti
174791,Artes del Café,18,Dott. Geronimo Santoro
223619,Cocina Molecular,19,Margherita Murri
11623,Artes del Café,18,José Luis Vizcaíno Aliaga
147602,Biología Marina,29,Anacleto Durán Agustín
160528,Turismo Espacial,28,Holly Harris
23467,Artes del Café,28,Sig. Gaspare Calgari
128752,Cocina Molecular,19,Aimee Wheeler
242590,Teoría Práctica,29,Paoletta Tremonti-Letta
237177,Historia del Universo Paralelo,22,Mario Ariosto
150585,Música para Plantas,19,Sebastiano Caetani-Tebaldi
223531,Cocina Molecular,28,Amy Duncan
242742,Psicología Canina,30,Lucio Mena
108937,Cocina Molecular,19,Steven Brown
233149,Artes del Café,25,April Russell
208274,Cocina Molecular,23,Melina Draghi-Iannucci
201915,Cocina Molecular,30,Crystal Perez
188079,Teoría Práctica,28,Florentino Agullo-Botella
184490,Diseño de Moda Intergaláctica,25,Raúl Roldan Marti
100339,Historia del Universo Paralelo,27,Trevor Clay
99467,Filosofía Cuántica,21,Nathan Davis
119397,Música para Plantas,22,Victoria Bonilla Asenjo
115858,Cocina Molecular,22,Edelmira Maricruz Pintor Tejedor
50789,Diseño de Moda Intergaláctica,29,Raúl Armando Hurtado Alcalá
6043,Biología Marina,18,Shannon Black
142989,Historia del Universo Paralelo,22,Sig.ra Luigina Ferrara
25276,Música para Plantas,25,Andre Ford
26681,Diseño de Moda Intergaláctica,24,Renata Prada
198738,Biología Marina,25,David White
240299,Música para Plantas,20,Lisa Austin
204576,Diseño de Moda Intergaláctica,21,Jafet Mayol
62345,Diseño de Moda Intergaláctica,23,Leticia Cañas Porcel
1827,Psicología Canina,29,Alfredo Gadda-Malipiero
160214,Historia del Universo Paralelo,27,Kathleen Perez
30690,Artes del Café,20,Leandra Hidalgo
115721,Turismo Espacial,22,Yésica Planas Calvet
208697,Filosofía Cuántica,22,Carmelo Donà
66002,Música para Plantas,19,Roberta Filangieri
212666,Diseño de Moda Intergaláctica,20,Andrea Whitehead
107658,Cocina Molecular,30,Demetrio Caballero
55875,Filosofía Cuántica,22,Juan Pablo del Trujillo
63595,Biología Marina,20,Ferdinando Luna
142295,Música para Plantas,26,Deanna Bell
39879,Historia del Universo Paralelo,25,Carol Thomas
144025,Historia del Universo Paralelo,23,Diana Orozco
54762,Cocina Molecular,21,Guadalupe de Aguirre
14214,Psicología Canina,19,Ismael Jose Luis Acedo Arévalo
223803,Biología Marina,21,Lisa Cox
112693,Turismo Espacial,26,Ruperto Caparrós-Ortiz
114961,Diseño de Moda Intergaláctica,30,Adelmo Barcella
163614,Biología Marina,30,Estela Gargallo Cabanillas
173061,Artes del Café,18,Alessio Carli
158190,Historia del Universo Paralelo,24,Amanda Boaga
203269,Psicología Canina,23,Gelsomina Ziani
133752,Artes del Café,22,Diana Chittolini-Catenazzi
232612,Cocina Molecular,28,Rolando Barracco
17299,Biología Marina,23,Saturnina Sastre-Jimenez
137608,Turismo Espacial,23,Jacinto Coloma Torrents
65457,Filosofía Cuántica,24,Pomponio Bazzi-Ottino
145169,Cocina Molecular,29,Ferdinando Scandone
211395,Historia del Universo Paralelo,29,Sheila Barton
94739,Artes del Café,20,Juan Carlos Vera
138133,Psicología Canina,26,Raffaello Tartaglia
223206,Turismo Espacial,18,Coluccio Mazzanti
177811,Turismo Espacial,26,Dolores Ordóñez Hoz
201062,Diseño de Moda Intergaláctica,28,Sig.ra Tina Guarato
4143,Biología Marina,20,Sarah Holloway
214710,Cocina Molecular,23,Morena Contrafatto
178780,Historia del Universo Paralelo,28,Felisa de Miguel
49836,Turismo Espacial,18,Nathan Brown
202164,Diseño de Moda Intergaláctica,21,Jacob Moore
101241,Historia del Universo Paralelo,27,Dott. Melissa Broschi
6480,Diseño de Moda Intergaláctica,24,Sig. Elladio Tonisto
60108,Artes del Café,29,Tracy Hernandez
33062,Teoría Práctica,24,Amanda Mezzetta-Antonioni
168838,Turismo Espacial,18,Carlos Booker
137043,Música para Plantas,28,Graciana Mendez Abril
11491,Biología Marina,18,Marcella Gozzano
16227,Diseño de Moda Intergaláctica,22,Lolita Zacchia-Fantini
233637,Historia del Universo Paralelo,30,Jolanda Tornatore
206101,Diseño de Moda Intergaláctica,19,Melania Bonino
168012,Turismo Espacial,26,Ruben Smith
194291,Artes del Café,20,Kathryn Odom
206222,Música para Plantas,19,Chuy Berrocal Chico
162668,Turismo Espacial,30,Gema Cuervo Bayona
211048,Artes del Café,23,Nélida Cueto Osorio
103579,Artes del Café,18,Michele Caetani
81358,Artes del Café,19,Eddie White
5060,Música para Plantas,23,Gianfranco Luciani
18090,Artes del Café,27,Francesco Casaleggio
55127,Música para Plantas,25,Victor Terry
174176,Psicología Canina,18,Brian Snow
223076,Filosofía Cuántica,19,Lolita Leonardi
210352,Biología Marina,21,Pamela Hall
94949,Música para Plantas,28,Guarino Satta-Montessori
160839,Biología Marina,27,Elaine Franklin
206892,Historia del Universo Paralelo,23,Jennifer Talavera
114882,Artes del Café,30,Sig.ra Maria Badoer
76836,Cocina Molecular,27,Salomé Prada Lago
52442,Diseño de Moda Intergaláctica,22,Gracia Marquez Llorente
96837,Psicología Canina,18,Valero Tomás Julián
84704,Teoría Práctica,18,Baudelio Pozo Bernal
135857,Cocina Molecular,29,Christine Miranda
138961,Turismo Espacial,21,Cayetano Arcos Peña
127778,Música para Plantas,20,Amy Silva
230674,Filosofía Cuántica,26,Annetta Marino-Gasperi
139185,Turismo Espacial,30,Kike Alvarez Céspedes
48095,Música para Plantas,23,Nina Sullivan
120263,Música para Plantas,18,Urbano Clavero Reyes
155178,Teoría Práctica,26,Juan Luis Pinto-Llamas
39003,Historia del Universo Paralelo,18,Filippa Berengario
91558,Artes del Café,21,Estela Orozco Mayo
198675,Historia del Universo Paralelo,26,Natalia Gozzi
74643,Cocina Molecular,24,Cándido Folch Nebot
2470,Diseño de Moda Intergaláctica,25,Dott. Valeria Adinolfi
59475,Psicología Canina,20,Melania Balla
84148,Teoría Práctica,23,Valeria Agazzi
36822,Artes del Café,24,Dott. Santino Galeati
206687,Psicología Canina,27,Antonietta Bocca
78885,Teoría Práctica,25,Hugo Neira Blazquez
76221,Turismo Espacial,27,Michela Garobbio-Vattimo
125914,Cocina Molecular,25,Morena Gregori
145622,Diseño de Moda Intergaláctica,22,Angela Jimenez
152245,Turismo Espacial,30,Yvonne Huff
176717,Psicología Canina,23,Sig.ra Adelasia Bottaro
179294,Diseño de Moda Intergaláctica,25,Duilio Montero Carnero
126476,Música para Plantas,28,Lando Palumbo
117986,Artes del Café,27,Juan Luis Fabra Sáez
220480,Biología Marina,27,Ludovica Benedetti
58129,Filosofía Cuántica,20,Brian Brooks
102267,Artes del Café,28,Glauco Quevedo-Franco
195619,Teoría Práctica,18,Dylan Bartlett
148922,Biología Marina,21,Isaac Ford
122958,Artes del Café,26,Giancarlo Marino-Casadei
27673,Historia del Universo Paralelo,22,James Weber
69496,Biología Marina,29,Iolanda Vespa
200344,Diseño de Moda Intergaláctica,21,Jillian Sanders
44434,Psicología Canina,25,Adrienne Delgado
70877,Artes del Café,20,Samuel Brown
215430,Artes del Café,26,Sig. Galasso Salandra
185327,Teoría Práctica,25,Lisa Higgins
159416,Turismo Espacial,20,Sig. Amleto Gulotta
195382,Filosofía Cuántica,30,Giovanni Draghi
183760,Psicología Canina,25,Brittany Hudson
233777,Teoría Práctica,27,Daniel Esparza Moreno
123721,Teoría Práctica,27,Nedda Chindamo
231273,Música para Plantas,23,Dott. Jolanda Filippini
235589,Música para Plantas,23,Eva María Campoy Carvajal
116715,Psicología Canina,22,Amancio Barros Merino
39803,Turismo Espacial,28,Thomas Chandler
174660,Cocina Molecular,23,Sosimo Anaya Múñiz
57702,Música para Plantas,26,Candela Hurtado Pol
194955,Teoría Práctica,24,Saverio Flaiano
198758,Psicología Canina,20,Ms. Nicole Lewis
168095,Biología Marina,26,Jennifer Cabello Verdú
116893,Música para Plantas,18,Sebastián Chaparro-Larrea
195895,Artes del Café,29,Blanca Coll Bello
177416,Psicología Canina,29,Lolita Ovadia
161226,Cocina Molecular,28,Francesco Polizzi
158965,Psicología Canina,30,Sig.ra Gianna Carosone
164661,Historia del Universo Paralelo,23,Celestino Carlito Mayoral Blanch
212985,Artes del Café,19,Hernando Boix Álvarez
22096,Biología Marina,23,Janet Daniels
169937,Música para Plantas,25,Adamo Tuzzolino
230909,Música para Plantas,22,James Ramirez
112710,Historia del Universo Paralelo,28,Arturo Vilar Agullo
129540,Diseño de Moda Intergaláctica,29,Stefani Granatelli
61666,Biología Marina,21,Maria Aloisio
229204,Filosofía Cuántica,23,Federica Antonini
13315,Teoría Práctica,28,Adriana Innocenti
29106,Turismo Espacial,27,Eduardo Pacheco Donoso
231028,Música para Plantas,27,Fabrizia Sermonti
105111,Música para Plantas,28,Robert Ross
130730,Música para Plantas,22,Donatello Calarco
193027,Biología Marina,29,Kathryn Jones
88933,Turismo Espacial,27,Victoria Thompson
153333,Biología Marina,22,Dott. Marta Ficino
225857,Artes del Café,20,Piergiuseppe Canil-Gabrieli
170509,Diseño de Moda Intergaláctica,27,Etelvina Miró Torres
105100,Teoría Práctica,27,Guadalupe Celia Alvarado Teruel
36141,Filosofía Cuántica,18,Dott. Mauro Gozzi
4610,Biología Marina,25,Jolanda Disdero
129576,Música para Plantas,19,Leyre Casares Castro
140097,Teoría Práctica,23,Lorena Vila Ribera
119376,Teoría Práctica,25,Natasha Snyder
69371,Biología Marina,24,Diana Gimeno-Velasco
99234,Música para Plantas,24,Emilia Asenjo
101955,Diseño de Moda Intergaláctica,30,Gemma Torricelli
227419,Artes del Café,23,Dr. John Wheeler DDS
130573,Música para Plantas,26,Giorgio Giacconi
167226,Psicología Canina,18,Christy Valentine
107335,Diseño de Moda Intergaláctica,18,Vincent Gonzalez
153047,Música para Plantas,21,Jake Fletcher
117295,Artes del Café,30,Rosaria Stradivari
148026,Biología Marina,23,Brent Buckley
193715,Historia del Universo Paralelo,29,Melania Arjona Santana
218932,Turismo Espacial,27,Candice Rodriguez
132124,Teoría Práctica,28,Kim Meyers
175128,Artes del Café,28,Christina Johnson
223234,Biología Marina,30,Violeta Mercader Uría
138582,Teoría Práctica,27,Billy Bishop
91331,Música para Plantas,24,Felipa Guillen Cuéllar
189143,Música para Plantas,25,Julia Mínguez Vélez
179849,Turismo Espacial,26,Ariadna Rivera Bellido
233112,Cocina Molecular,28,Sheri Davies
79850,Historia del Universo Paralelo,22,Agostino Strangio
177585,Biología Marina,28,James Raymond
233409,Diseño de Moda Intergaláctica,29,Charles Martinez
238337,Música para Plantas,28,Pompeo Smirnoff
30450,Teoría Práctica,24,Fidela Aznar Carranza
156667,Artes del Café,24,Kerri Moody
153112,Diseño de Moda Intergaláctica,29,Luchino Cimarosa
122671,Filosofía Cuántica,19,Camilla Gilardoni
100313,Turismo Espacial,27,Santino Pezzali
14385,Filosofía Cuántica,25,Nicoletta Fabbri
51626,Música para Plantas,18,Gaspare Sbarbaro
61074,Psicología Canina,24,Elpidio Cerro Alcalá
114797,Psicología Canina,21,Fabrizia Barozzi
31999,Psicología Canina,20,Baldomero del Planas
129146,Música para Plantas,24,Amando Pera Mir
14705,Cocina Molecular,23,Marie Smith
225246,Cocina Molecular,20,Amy Meyer
70075,Diseño de Moda Intergaláctica,23,Dott. Gianluigi Ferrabosco
152318,Filosofía Cuántica,19,Tracy Gonzalez
158753,Turismo Espacial,29,Tiffany Johnston
222082,Historia del Universo Paralelo,21,Tara Solis
33446,Música para Plantas,22,Alexandra Smith
21865,Historia del Universo Paralelo,24,Felicia Russo
9676,Música para Plantas,29,Richard Smith
10845,Diseño de Moda Intergaláctica,30,Candela Olmo
41648,Filosofía Cuántica,28,Priscilla Hensley
171524,Filosofía Cuántica,25,Jonathan Willis
41863,Turismo Espacial,18,Omar Manso
109432,Biología Marina,25,Beverly Fowler
162419,Filosofía Cuántica,19,Gaspare Cardano
231777,Filosofía Cuántica,26,Reyes Blanes Izquierdo
38551,Teoría Práctica,23,Kyle Parks
96522,Turismo Espacial,18,Macarena Anglada Carrión
39965,Música para Plantas,26,Ermanno Barberini
2728,Cocina Molecular,25,Annunziata Rastelli
174272,Teoría Práctica,25,Priscila Batalla Rey
51723,Música para Plantas,19,Leire del Arrieta
58092,Artes del Café,30,Olivia Edwards
102443,Artes del Café,27,David Lewis
39474,Música para Plantas,18,Elmo Calgari
234510,Turismo Espacial,28,Constanza Montesinos Millán
204086,Historia del Universo Paralelo,27,Sig.ra Laura Donatoni
4805,Artes del Café,23,Alphons Golgi
13054,Cocina Molecular,22,Lupita Pont Parejo
105068,Psicología Canina,26,Alex Pou Tirado
246128,Biología Marina,27,Katherine Barr
163734,Música para Plantas,28,Valentín Jose Francisco Haro Hierro
228285,Música para Plantas,18,Eugenia Taccola
213098,Música para Plantas,24,Primitivo Agustín España
87969,Historia del Universo Paralelo,29,Héctor Nuñez Guitart
106500,Biología Marina,23,Andrew Rosales
52072,Filosofía Cuántica,21,Delia Ariel Hoz Durán
243142,Biología Marina,22,Mattia Sermonti-Olivetti
18800,Cocina Molecular,28,Michelle Hogan
77,Música para Plantas,27,Eraldo Ruberto
108097,Filosofía Cuántica,30,Tecla Farré Alvarez
132424,Biología Marina,21,Sandra Nguyen
89989,Biología Marina,19,Michelle Ward
97824,Filosofía Cuántica,20,Temistocle Mantegazza
25412,Teoría Práctica,22,Kelly Smith
74656,Historia del Universo Paralelo,30,Dott. Luciana Duse
122370,Psicología Canina,20,Thomas Moyer
185294,Diseño de Moda Intergaláctica,22,Mirko Endrizzi
103252,Cocina Molecular,24,Rodolfo Vallejo Donaire
53472,Filosofía Cuántica,24,Robert Williams
75527,Música para Plantas,23,Lucio Ariel Valderrama Estrada
11698,Turismo Espacial,21,Sarah English
230677,Música para Plantas,26,Brian Davis
187756,Teoría Práctica,24,David Stewart
130201,Diseño de Moda Intergaláctica,19,Dorotea Silvia Gelabert López
205474,Psicología Canina,24,Sabrina Montoya MD
19534,Biología Marina,30,Mónica Carballo Enríquez
9486,Diseño de Moda Intergaláctica,26,Sig.ra Imelda Semitecolo
161832,Diseño de Moda Intergaláctica,26,Enrico Tamburini
248304,Música para Plantas,23,Faustino Reyes Mora Chaves
223209,Filosofía Cuántica,24,Tullio Iannucci
147622,Teoría Práctica,18,Erika Vezzali
62465,Artes del Café,28,Annamaria Gagliardi
86935,Música para Plantas,18,Napoleone Boldù
48490,Cocina Molecular,21,Elaine Richard
200852,Historia del Universo Paralelo,20,Brent Hamilton
168060,Artes del Café,23,Diana Marangoni
80624,Filosofía Cuántica,23,Valerie Allen
30362,Biología Marina,29,Luisa Aller Tur
115156,Diseño de Moda Intergaláctica,28,Valentina Mateo Raya
82785,Historia del Universo Paralelo,29,Silvestre Luz Mateu
229276,Turismo Espacial,22,Georgina Toro Dueñas
6118,Teoría Práctica,19,Viviana Aguilera Julián
6014,Música para Plantas,23,Gregory Dean
141498,Turismo Espacial,25,Robert Carrillo
198695,Turismo Espacial,28,Martha Graham
216056,Música para Plantas,23,Christopher Carlson
81587,Historia del Universo Paralelo,25,Santiago Sanabria Blanes
152627,Biología Marina,23,Fedele Fabrizi
116608,Teoría Práctica,22,Octavio del Barreda
231924,Música para Plantas,18,Martino Telesio
6850,Historia del Universo Paralelo,21,Marisa Giannetti
130451,Música para Plantas,24,Ricciotti Fantozzi
48385,Música para Plantas,21,Stefania Poerio
158683,Teoría Práctica,29,Romolo Morandini
170239,Teoría Práctica,27,Robert Allison
33707,Turismo Espacial,25,Girolamo Malipiero
197419,Biología Marina,27,Clarisa Bermúdez Alvarez
231729,Teoría Práctica,21,Dott. Virginia Treccani
28084,Teoría Práctica,18,Emilia Abellán Cuadrado
181776,Biología Marina,25,Barbara Wilson
84481,Diseño de Moda Intergaláctica,24,Crescencia del Gómez
123637,Historia del Universo Paralelo,25,Valerio Peñalver-Barranco
40709,Música para Plantas,28,Sebastián Quintero Guitart
118256,Psicología Canina,23,Jennifer Clark
176220,Historia del Universo Paralelo,20,Juana Cuesta Torre
63600,Historia del Universo Paralelo,25,David Griffith
156158,Filosofía Cuántica,22,Douglas Richards
167815,Filosofía Cuántica,27,Kara Olsen
219687,Turismo Espacial,29,Santos Borrás Echeverría
183625,Turismo Espacial,25,Loredana Bova
92606,Biología Marina,25,Sole Boiardo
80265,Cocina Molecular,25,Tina Tacchini
4103,Artes del Café,27,Marino Rodrigo Borja
45956,Psicología Canina,20,Sonya Bryan
127234,Historia del Universo Paralelo,25,Daniel Morris
79087,Turismo Espacial,19,Angelita Peña
128615,Diseño de Moda Intergaláctica,26,Elladio Petrucelli-Aulenti
35172,Filosofía Cuántica,20,Dott. Gioele Campano
95337,Artes del Café,18,Monica Scarfoglio-Ostinelli
139873,Teoría Práctica,18,Mr. Jordan Garcia
159780,Filosofía Cuántica,26,Angela Cox
79701,Biología Marina,28,Shane Jimenez
86224,Música para Plantas,22,Danilo Marconi
3050,Filosofía Cuántica,26,Jesusa Marcia Baró Vila
206030,Cocina Molecular,21,Anne Watson
115322,Artes del Café,18,Alonso Barranco-Mosquera
125671,Biología Marina,26,Renata Fabra Sans
33791,Cocina Molecular,25,Tomasa de Romeu
88796,Música para Plantas,19,Tania Tamayo Ramirez
152989,Cocina Molecular,19,Tammy Moore
27822,Artes del Café,25,Norberto Ramírez Cuéllar
44622,Biología Marina,30,Renato Valentín Jara
79158,Historia del Universo Paralelo,19,Sig.ra Teresa Pometta
45257,Artes del Café,29,Mr. Justin Burgess MD
142516,Psicología Canina,27,Natalia Folliero
425,Diseño de Moda Intergaláctica,21,Fermín Campoy Jordá
214090,Artes del Café,24,Marissa Barzini-Castelli
5070,Música para Plantas,23,Margherita Carfagna
37317,Biología Marina,27,Desiderio Barrera-Sarabia
220859,Diseño de Moda Intergaláctica,28,Raffaele Seddio
15267,Diseño de Moda Intergaláctica,26,Annunziata Mazzi
208366,Diseño de Moda Intergaláctica,22,Antonina Campise-Turchetta
135274,Turismo Espacial,25,Juan Galvez Santos
232151,Teoría Práctica,25,Jesse Chandler
38572,Diseño de Moda Intergaláctica,24,Lisa Johnson MD
46955,Música para Plantas,19,Melania Golgi
108821,Teoría Práctica,30,Michael Weber
201823,Teoría Práctica,30,Daniel Stone
87093,Diseño de Moda Intergaláctica,19,Fabricio Alvarado Moles
149012,Diseño de Moda Intergaláctica,28,Piero Filippini
68922,Cocina Molecular,21,Denise Smith
150966,Biología Marina,28,Gil Córdoba Alvarado
15642,Biología Marina,22,Amanda Pierce
94026,Psicología Canina,21,Carmen Bermudez Rico
78630,Turismo Espacial,27,Elvira Platini
6190,Turismo Espacial,27,Antonello Mascheroni
6873,Turismo Espacial,26,Charo Jordán-Trujillo
105922,Biología Marina,25,Juan Sacristán Borrego
125136,Cocina Molecular,21,Luisa Garrone
20347,Psicología Canina,18,Arsenio Manunta
18276,Psicología Canina,20,Olalla Felipa Agustín Rosell
123712,Biología Marina,21,Dott. Piergiuseppe Mercati
75163,Filosofía Cuántica,19,Tamara Barriga Godoy
73733,Cocina Molecular,20,Anita Fleming
171975,Teoría Práctica,26,Jermaine Anderson
210380,Música para Plantas,23,Fabia Maderno
198240,Turismo Espacial,26,David Chan
88147,Música para Plantas,22,Alderano Giradello
221650,Cocina Molecular,20,Christina Gibbs
211152,Biología Marina,28,John Colon
198205,Diseño de Moda Intergaláctica,21,Teresa Frye
163453,Biología Marina,26,Cassandra Torricelli-Carli
103567,Psicología Canina,27,Selena Fiol Baeza
239347,Historia del Universo Paralelo,27,Isaac Weaver
65617,Diseño de Moda Intergaláctica,23,Pancho Ayala Zorrilla
133668,Psicología Canina,25,Gelsomina Nicolini
78403,Turismo Espacial,23,Stella Pavarotti-Passalacqua
10648,Biología Marina,28,Samantha Taylor
98463,Psicología Canina,25,Graciana Aguirre-Gutierrez
89181,Psicología Canina,29,Alfonso Darío Trillo Antón
57675,Diseño de Moda Intergaláctica,25,Enrique Carrión Nadal
17636,Biología Marina,27,Lawrence Johnson
119465,Psicología Canina,18,Carolyn Robinson
32968,Psicología Canina,18,Jonathan Thomas
151331,Cocina Molecular,20,Oreste Fantini
60687,Cocina Molecular,21,Agapito Fuentes Noriega
239812,Diseño de Moda Intergaláctica,29,Carl Hunt
181643,Diseño de Moda Intergaláctica,29,Baudelio Cuervo Prieto
238904,Turismo Espacial,25,Ángela Gual Palomino
64751,Filosofía Cuántica,28,Thomas Chen
138984,Teoría Práctica,26,Agustín Espinosa Morante
236026,Psicología Canina,18,Charo Rosell Marin
134591,Biología Marina,22,Anthony Sims
21211,Cocina Molecular,18,Ismael Valdés Ángel
101825,Música para Plantas,26,Eric Ferrell
59862,Artes del Café,22,Mary Green
87305,Biología Marina,18,Giorgia Impastato
24057,Psicología Canina,29,Rosina Tremonti
152025,Psicología Canina,25,Selena Córdoba Carballo
225269,Artes del Café,23,Merche Marco Alvarado
219548,Psicología Canina,30,Roberto Canet Arnau
45362,Historia del Universo Paralelo,27,Jody Turner
85273,Teoría Práctica,29,Kimberly Horton
206552,Teoría Práctica,18,Ciríaco Jimenez Vendrell
10156,Filosofía Cuántica,23,Mrs. Jane Medina
45627,Diseño de Moda Intergaláctica,28,Uberto Scotti
112761,Cocina Molecular,22,Erin Rogers
65127,Diseño de Moda Intergaláctica,24,Enzio Musatti
218050,Música para Plantas,21,Fulgencio Barreda Gallart
98296,Diseño de Moda Intergaláctica,24,Kristy Morton
125398,Teoría Práctica,27,Patrizia Curci
189545,Turismo Espacial,30,Juan Luis del Canet
189997,Teoría Práctica,29,Leslie Wood
48605,Teoría Práctica,26,Loretta Anichini-Lattuada
222243,Cocina Molecular,26,Américo Martin Gonzalez Soria
111028,Biología Marina,27,Giorgio Contrafatto-Stradivari
239687,Cocina Molecular,23,Bianca Satriani
86384,Historia del Universo Paralelo,22,Richard Smith
181619,Artes del Café,22,Monica Coffey
186721,Diseño de Moda Intergaláctica,28,Camillo Pastine
109247,Artes del Café,28,Dolores Barberini
211488,Biología Marina,30,Paride Venditti-Zaccardo
225236,Psicología Canina,18,Amalia Pace
77907,Psicología Canina,25,Donna Butler
92940,Filosofía Cuántica,19,Eric Young
125144,Música para Plantas,25,Elodia Losada
221290,Filosofía Cuántica,18,Cindy Best
211181,Cocina Molecular,24,Goyo Quiroga Aguirre
123779,Teoría Práctica,29,Nacio Alcázar Coca
72846,Historia del Universo Paralelo,23,Justin Cooley
170119,Cocina Molecular,27,Eliana Zamorano-Serna
119287,Biología Marina,24,Dionisia Paula Nicolau Fabregat
236327,Diseño de Moda Intergaláctica,23,Jasmine Schwartz
65515,Cocina Molecular,30,Veronica Cunningham
51790,Filosofía Cuántica,21,Ennio Tomasetti
111297,Diseño de Moda Intergaláctica,28,Arturo Jovinelli
100369,Biología Marina,19,Ruperto Colom Armengol
189331,Artes del Café,21,Gervasio del Arcos
150550,Teoría Práctica,22,Cecilio Prada Lucas
78335,Artes del Café,20,Melissa Scott
16773,Música para Plantas,27,Monique Collier
113746,Teoría Práctica,25,Gustavo de Cózar
85092,Filosofía Cuántica,23,Armida Acuña-Castañeda
14507,Filosofía Cuántica,28,Terry Miranda
71041,Filosofía Cuántica,23,Linda Davis
175594,Diseño de Moda Intergaláctica,28,Mirco Guariento
199157,Diseño de Moda Intergaláctica,23,Lazzaro Ruberto
172501,Psicología Canina,21,Paola Gioberti
8772,Psicología Canina,20,Simone Sandi
139569,Teoría Práctica,26,Diana Sanchez
95567,Música para Plantas,29,Angela Nixon
72920,Teoría Práctica,23,Brian Flores
161600,Cocina Molecular,26,Gianluca Marazzi
223262,Psicología Canina,25,John Woods
40488,Filosofía Cuántica,20,Margherita Majorana
5040,Turismo Espacial,28,Rufino Morera
64438,Cocina Molecular,19,Zaida Zoraida Aguiló Abella
185605,Turismo Espacial,28,Raimondo Acerbi
237163,Teoría Práctica,19,Dott. Salvi Luxardo
236885,Biología Marina,19,Bienvenida Madrid Barrena
12667,Cocina Molecular,25,Danielle Anderson
99721,Música para Plantas,30,Heidi White
106910,Filosofía Cuántica,23,Jamie Johnston
225396,Diseño de Moda Intergaláctica,29,Gianfrancesco Morabito
122384,Filosofía Cuántica,30,Matthew Hammond
172732,Biología Marina,23,Lilla Taliani
226931,Psicología Canina,23,César Cerdá Canals
162442,Teoría Práctica,22,Caridad Luz Agullo Escobar
99158,Historia del Universo Paralelo,27,George Stone
150252,Cocina Molecular,22,Robert Delgado
135543,Diseño de Moda Intergaláctica,25,Gianfrancesco Lombardi
71178,Turismo Espacial,18,Elizabeth Jones
110661,Artes del Café,18,Rossana Onio
153435,Teoría Práctica,19,Erica Lopez
153437,Teoría Práctica,23,Leandro de Conesa
234128,Filosofía Cuántica,18,Eric Robinson
32633,Teoría Práctica,29,Lorenzo Quevedo Llopis
61670,Psicología Canina,29,Brenda Combs
191406,Historia del Universo Paralelo,23,Marisela Maza Navarrete
158703,Diseño de Moda Intergaláctica,18,Daniel Reynolds
157232,Psicología Canina,19,Emelina Neira Nuñez
40455,Biología Marina,20,Julio Hernando Puerta
35478,Turismo Espacial,25,Cirino Paredes Fabregat
221352,Teoría Práctica,24,Sig. Coriolano Tomasini
195832,Historia del Universo Paralelo,24,Chuy Murillo
140414,Diseño de Moda Intergaláctica,29,Nereida Córdoba Mur
88917,Historia del Universo Paralelo,27,Sandra Murcia Román
188629,Cocina Molecular,22,Sig. Ottone Boccaccio
249102,Turismo Espacial,22,Augusto Anastasi
27622,Diseño de Moda Intergaláctica,30,Bradley Chapman
151983,Historia del Universo Paralelo,30,William Pitts
56022,Turismo Espacial,20,Ramiro Sanjuan-Collado
73591,Filosofía Cuántica,18,Fiamma Ferrata
47783,Historia del Universo Paralelo,30,Natanael Goñi Arnaiz
150036,Música para Plantas,27,William Davis
200123,Diseño de Moda Intergaláctica,25,Ricardo Maldonado-Peral
202422,Psicología Canina,27,Zacarías Atienza Benet
79189,Artes del Café,26,Jacob Tran
206484,Historia del Universo Paralelo,24,Georgina Álvarez Mercader
144239,Psicología Canina,21,Emma Brancaccio-Abatantuono
240744,Psicología Canina,28,Kevin Randolph
73790,Turismo Espacial,25,Fito Rivero Ávila
10902,Turismo Espacial,28,Macaria Andrade Cabrero
160118,Filosofía Cuántica,19,Dr. Lisa Moreno DDS
14259,Biología Marina,24,Scott Howard
176514,Filosofía Cuántica,30,Pablo Madrigal Adán
108231,Historia del Universo Paralelo,26,David Long IV
82887,Teoría Práctica,29,Vanessa Bellocchio
237388,Artes del Café,20,Poncio Olegario Garriga Saez
30236,Teoría Práctica,22,Primitiva del Cortina
135845,Cocina Molecular,20,Nino Alfieri
65748,Diseño de Moda Intergaláctica,26,Jose Francisco Cano Criado
139530,Turismo Espacial,29,Zachary Lopez
197334,Filosofía Cuántica,20,Adele Cicilia
224978,Música para Plantas,26,Amanda Carretero Dominguez
13641,Turismo Espacial,22,John Kramer
13332,Turismo Espacial,20,Ruben Gutierrez Cortés
130552,Cocina Molecular,18,Jermaine Rowland
245798,Historia del Universo Paralelo,30,María Dolores de Vara
26500,Cocina Molecular,19,Sean Torres
131336,Psicología Canina,30,Manu Ricart Font
30553,Filosofía Cuántica,18,Angela Moore
247608,Diseño de Moda Intergaláctica,28,Evan Turner
96091,Diseño de Moda Intergaláctica,25,Sydney Reyes
112671,Cocina Molecular,24,Edu Ríos Almagro
13937,Cocina Molecular,29,Santiago Aroca-Feijoo
109733,Biología Marina,30,Willie James
29765,Biología Marina,20,Lisa Saracino-Carducci
26730,Diseño de Moda Intergaláctica,22,Jesse Estrada
215515,Biología Marina,28,Laura Thompson
194776,Cocina Molecular,24,Hugo Turrini
68167,Teoría Práctica,30,Sig. Maurilio Vanvitelli
22477,Teoría Práctica,28,Natalie Bennett
216303,Diseño de Moda Intergaláctica,23,Steven Wallace
142288,Filosofía Cuántica,28,Gelsomina Gonzaga
18317,Teoría Práctica,30,Albert Evans
143302,Música para Plantas,20,Erica Thomas
166427,Turismo Espacial,23,Pierangelo Bernardini
206359,Turismo Espacial,24,Cipriano Marrone
219113,Psicología Canina,27,Dott. Rosina Garrone
209792,Teoría Práctica,26,Guarino Fiorucci
201703,Psicología Canina,22,Romana Torlonia-Piovani
165524,Biología Marina,30,Graciela Cerdá Bou
245714,Filosofía Cuántica,19,Pierluigi Trotta
223408,Filosofía Cuántica,26,Soledad del Lobo
229135,Historia del Universo Paralelo,29,Sig. Benvenuto Satta
54005,Teoría Práctica,21,Juanita Olivé Pizarro
158612,Psicología Canina,19,Leah Middleton
95730,Filosofía Cuántica,22,Heather Mcdonald
44032,Turismo Espacial,26,Víctor Rosado Nogués
207171,Teoría Práctica,24,Mark Aguirre
192641,Música para Plantas,18,Hilda Cortina Merino
84242,Turismo Espacial,30,Dott. Carolina Coppola
102714,Diseño de Moda Intergaláctica,27,Andre Cook
96480,Historia del Universo Paralelo,28,Brenda Briggs
181888,Biología Marina,25,Melissa Dudley
201894,Cocina Molecular,29,Marisa Lombardo-Modigliani
155598,Artes del Café,26,John Moore
72989,Historia del Universo Paralelo,29,Lazzaro Bruscantini-Anichini
224684,Filosofía Cuántica,20,Brandon White
57317,Turismo Espacial,21,Javi Barbero Santana
105863,Biología Marina,28,Tracey Anderson
161129,Filosofía Cuántica,20,Ciriaco Rosell Montoya
154539,Filosofía Cuántica,30,Matthew Daugherty
20978,Artes del Café,24,Giulia Mannoia
57750,Diseño de Moda Intergaláctica,22,Federica Guglielmi
74076,Música para Plantas,21,Michelle Richardson
158915,Cocina Molecular,20,Chita Mate
35639,Psicología Canina,19,Giampaolo Benussi
182042,Turismo Espacial,29,Thomas Harris
168768,Artes del Café,18,Julio Gallo Agustí
75041,Historia del Universo Paralelo,21,Kimberly Tran
225682,Diseño de Moda Intergaláctica,20,Kelsey Mckenzie
222091,Filosofía Cuántica,26,Lorenzo Castellanos
82907,Teoría Práctica,28,Isidoro Alonso Peña
220648,Turismo Espacial,22,Alexa Bond
7360,Filosofía Cuántica,25,Cristóbal Feijoo
154142,Turismo Espacial,29,Sara Figuerola-Gual
221641,Diseño de Moda Intergaláctica,21,Aaron Little
67239,Biología Marina,24,Eligio del Pineda
120472,Teoría Práctica,28,María Ángeles Barbero
247069,Biología Marina,23,Lope de Sainz
294,Filosofía Cuántica,26,Filippo Baglioni
233031,Filosofía Cuántica,20,Mr. Joseph Figueroa
176418,Música para Plantas,21,Kristen Stone
65668,Biología Marina,29,Abigaíl Gibert Barrera
123257,Psicología Canina,21,Emilia Villalobos Valenzuela
135894,Psicología Canina,25,Rodrigo Exposito Nuñez
51759,Música para Plantas,18,Spencer Hopkins
122620,Cocina Molecular,27,Maria Terragni-Lopresti
40948,Diseño de Moda Intergaláctica,22,Tomás Becerra Valera
110597,Música para Plantas,28,Giuseppina Troisi
149008,Diseño de Moda Intergaláctica,25,Bryan Hawkins
47649,Cocina Molecular,25,Pina Pisano
50530,Historia del Universo Paralelo,28,Jacob Johnson
156179,Filosofía Cuántica,26,Janet Williams
198822,Diseño de Moda Intergaláctica,30,Sherry Mcdonald
141618,Cocina Molecular,26,Dulce Tomás Chaparro
190186,Teoría Práctica,24,Felicia Arias
242243,Música para Plantas,21,Jacob Burton
86299,Filosofía Cuántica,30,Manuel Salandra-Goldoni
122892,Turismo Espacial,25,Dott. Teresa Rosmini
198117,Historia del Universo Paralelo,23,Kevin Shannon
194195,Música para Plantas,27,Lamberto Lucciano
201819,Psicología Canina,20,Virginia Andreu Sosa
136055,Música para Plantas,20,Dolores Mannoia
119267,Teoría Práctica,25,Bianca Nonis
225518,Psicología Canina,30,Raymond Martin
33018,Historia del Universo Paralelo,18,Kristen Valencia
108118,Biología Marina,30,Jonathan Ayers
39542,Biología Marina,19,Hernán Amores
195973,Psicología Canina,22,Enzio Letta
99567,Cocina Molecular,27,Jonathan Church
231249,Artes del Café,26,Dawn Calhoun
119519,Turismo Espacial,28,Baltasar Verdú
182209,Historia del Universo Paralelo,30,Tristan Martin
64638,Artes del Café,26,Elizabeth Jackson
179921,Diseño de Moda Intergaláctica,27,Coluccio Ligorio
23842,Artes del Café,18,Annunziata Capuana
105484,Biología Marina,21,Gabriela Benitez
15295,Turismo Espacial,22,Elizabeth Roberts
162656,Música para Plantas,18,Elena Cuda-Catalano
218975,Historia del Universo Paralelo,30,Pepe Llorens-Morán
245283,Teoría Práctica,22,Blas Ernesto Ropero Lobato
116622,Teoría Práctica,22,Eraldo Cossiga
21185,Teoría Práctica,22,Amor Viana García
5291,Cocina Molecular,22,Lorenzo Figueras Pacheco
121369,Artes del Café,20,Tammy Wright
82678,Diseño de Moda Intergaláctica,25,Angela Melendez
100248,Artes del Café,22,Lisa Ferrata
82723,Filosofía Cuántica,22,Richard Wright DDS
152975,Música para Plantas,20,Mr. Seth Hess
156229,Teoría Práctica,23,Julie Smith
92764,Artes del Café,30,Ciro Notarbartolo
133088,Teoría Práctica,29,Richard Jones
9068,Psicología Canina,20,Natividad del Mendoza
243450,Turismo Espacial,25,Giovanni Condoleo-Parpinel
68776,Filosofía Cuántica,27,Nico Piccio
2005,Turismo Espacial,19,Vernon Jackson
247606,Psicología Canina,29,Sig. Piermaria Fantoni
78854,Biología Marina,19,Lisa Mann
93570,Música para Plantas,23,Annalisa Porzio-Pignatti
188579,Turismo Espacial,23,Sophia Moreno
232111,Filosofía Cuántica,28,Natalio Andreu Ortiz
23171,Psicología Canina,20,Paoletta Antonioni
23878,Teoría Práctica,18,Kristina Bright
15895,Cocina Molecular,21,Sheila Hampton
94537,Teoría Práctica,26,Alessio Verga
215969,Historia del Universo Paralelo,29,Emiliano Laguna Doménech
138908,Artes del Café,19,Florentina Nadal Ayuso
84836,Historia del Universo Paralelo,18,Robin Le
151706,Historia del Universo Paralelo,27,Valeria Vecellio
103486,Diseño de Moda Intergaláctica,26,Jorge Castro Alcántara
3070,Filosofía Cuántica,20,Renata Íngrid Corbacho Montenegro
168054,Historia del Universo Paralelo,20,Alessio Tamburini-Morricone
194834,Diseño de Moda Intergaláctica,20,Rogelio Vicente Luque Miralles
75252,Filosofía Cuántica,23,Ángeles Hidalgo Torres
207897,Cocina Molecular,21,Raquel Melero Acero
149735,Psicología Canina,18,Eli Margarita García Pereira
184487,Teoría Práctica,25,Brunilda Zaragoza Comas
194745,Cocina Molecular,27,Atenulf Ramazzotti
28859,Cocina Molecular,21,Katherine Jones
192883,Artes del Café,25,Andrew Marsh
70271,Filosofía Cuántica,27,Simone Pavone
160304,Cocina Molecular,25,Narciso del Boada
112172,Diseño de Moda Intergaláctica,26,Jennifer Singh
164664,Historia del Universo Paralelo,28,Mr. Joseph Grant
217339,Biología Marina,26,Sig. Pierpaolo Cicala
140865,Diseño de Moda Intergaláctica,20,Geronimo Tutino
217116,Biología Marina,28,Ashley Alexander
132130,Diseño de Moda Intergaláctica,30,Ivan Staglieno
204743,Biología Marina,25,Beatrice Gonzaga-Viviani
54729,Biología Marina,24,Nereida Juliá Barroso
170780,Turismo Espacial,23,Fernando Glenn
232109,Diseño de Moda Intergaláctica,21,Mirco Pavarotti
49008,Biología Marina,27,Yolanda Naranjo-Páez
84339,Música para Plantas,22,Blas Ruben Bárcena Morillo
40843,Cocina Molecular,27,Simón Ríos
11171,Teoría Práctica,26,Tina Perez
137291,Biología Marina,26,Amico Seddio-Tamburini
49916,Filosofía Cuántica,22,Florentina Oliveras
155033,Psicología Canina,23,Christine Matthews
90103,Diseño de Moda Intergaláctica,25,Angelica Monteverdi
211202,Teoría Práctica,30,Guiomar Morante Infante
94410,Psicología Canina,25,Cody Wright
247534,Cocina Molecular,26,Mateo Cristian Heredia Font
65920,Biología Marina,25,Noah Wilson
32371,Artes del Café,18,Roberta Crisafulli
198156,Psicología Canina,25,Angélica Sola Flores
72135,Historia del Universo Paralelo,25,Alan Carter
37754,Psicología Canina,24,Shannon Smith
206664,Teoría Práctica,19,Renata Carosone-Moresi
110919,Biología Marina,27,Eric Hodge
64186,Biología Marina,22,Jamie Brown
23619,Filosofía Cuántica,24,Ugo Zeffirelli
128502,Filosofía Cuántica,19,Costanzo Tamburini-Lombardo
53873,Teoría Práctica,19,Kenneth Bailey
228929,Historia del Universo Paralelo,19,Arturo Palumbo
33190,Filosofía Cuántica,19,Mitchell Brown
110494,Historia del Universo Paralelo,21,Elizabeth Johnson
178135,Biología Marina,23,Antonello Faggiani-Guicciardini
27133,Teoría Práctica,21,Alfredo Jáuregui
27771,Turismo Espacial,21,Giulio Antonioni-Zamengo
246210,Historia del Universo Paralelo,22,Ranieri Sobrero-Tafuri
45645,Turismo Espacial,21,Priscilla Scott
97189,Diseño de Moda Intergaláctica,20,Salomé Alcántara-Gomila
91908,Cocina Molecular,26,Angela Oliver
173750,Música para Plantas,27,Azeneth del Colomer
54545,Cocina Molecular,22,Elisa Vergara
39482,Teoría Práctica,25,Ramona Interminei
79431,Psicología Canina,19,Mirko Gregori
157,Cocina Molecular,21,Genoveva Clementina Corominas Bayo
13363,Turismo Espacial,23,Alec Crane
100915,Biología Marina,24,Sophia Montanari-Paoletti
9919,Música para Plantas,22,Amedeo Durante
27405,Historia del Universo Paralelo,23,Anthony Johnson
138821,Filosofía Cuántica,28,Duilio Perera Valcárcel
46502,Historia del Universo Paralelo,22,Sig.ra Pina Bembo
48834,Psicología Canina,21,Jennifer Smith
191601,Música para Plantas,26,Juan Manuel Guijarro-Quintanilla
197838,Biología Marina,22,Graciela del Pedro
31842,Música para Plantas,26,Donatello Verdone-Pacelli
117732,Psicología Canina,23,Shane Knight
202733,Filosofía Cuántica,20,Florinda Malo Echevarría
212596,Artes del Café,19,Jonathan Wallace
216607,Biología Marina,28,Daniel Howard
131098,Música para Plantas,22,Eleanora Goldoni
63336,Filosofía Cuántica,23,Jessica Miller
221592,Diseño de Moda Intergaláctica,26,Natalia Mennea
163819,Biología Marina,21,Livio Filzi-Tutino
157113,Turismo Espacial,19,Raffaello Samele
58531,Cocina Molecular,20,Adamo Gozzano
25077,Diseño de Moda Intergaláctica,26,Steven Jackson
134938,Diseño de Moda Intergaláctica,22,Ernesto Cobos-Belmonte
124315,Biología Marina,25,Sosimo Cervera Balaguer
145611,Diseño de Moda Intergaláctica,23,Katie Bailey
173396,Turismo Espacial,27,Balduino Solé Iborra
214435,Turismo Espacial,21,Godofredo Palmer Guillen
1011,Turismo Espacial,18,Nicole Dyer
199454,Música para Plantas,20,Jerry Rice
134774,Cocina Molecular,30,Felicia Walton
245584,Diseño de Moda Intergaláctica,25,Allegra Smirnoff
60700,Música para Plantas,26,Scott Griffin
152879,Artes del Café,30,Valentín del Casanovas
118227,Turismo Espacial,24,Lazzaro Raimondi
16038,Teoría Práctica,26,Gianfrancesco Modiano
210068,Filosofía Cuántica,24,John Baird
141486,Diseño de Moda Intergaláctica,21,Carlo Einaudi-Vismara
18263,Psicología Canina,29,Ariel Arévalo Losa
219500,Música para Plantas,21,Desiree Roman
189843,Cocina Molecular,25,Christopher Bright
189428,Biología Marina,28,Valerio Leonardi-Asmundo
8668,Filosofía Cuántica,22,Morgan Watson
3418,Biología Marina,24,Ofelia Vera-Sarmiento
160286,Psicología Canina,18,Camilla Valmarana
87400,Turismo Espacial,23,Ignacio Tur-Amor
57466,Diseño de Moda Intergaláctica,18,Arturo Chittolini
151800,Historia del Universo Paralelo,21,Jesse Mendoza
216934,Filosofía Cuántica,27,Romolo Zampa-Navone
177092,Filosofía Cuántica,28,Stefani Scotto
216353,Diseño de Moda Intergaláctica,29,Aurora Puente Almagro
157515,Cocina Molecular,25,Candelas Perera Lamas
198335,Diseño de Moda Intergaláctica,25,Benito Mazzini
174238,Biología Marina,20,Bianca Calvo-Viola
125346,Cocina Molecular,22,Christopher Larsen
204,Artes del Café,24,Georgina de Vicens
102076,Teoría Práctica,21,Fortunata Iannucci-Cainero
23502,Cocina Molecular,19,Santino Zanazzo
157063,Diseño de Moda Intergaláctica,29,Mary Miles
58573,Psicología Canina,18,Pomponio Cesarotti
132934,Diseño de Moda Intergaláctica,23,Luciana Sgarbi-Scotti
95210,Artes del Café,23,Julio Josep Carnero Ruano
31358,Turismo Espacial,21,Adelasia Rienzo
77701,Psicología Canina,20,Alexis Spencer
202920,Teoría Práctica,28,León Sáenz Cabezas
212412,Turismo Espacial,29,Herminia Giner Guitart
48187,Cocina Molecular,23,Anastasio Zapata-Iborra
178996,Artes del Café,20,Berenice Manunta-Broschi
179695,Artes del Café,21,Stephen Jackson
196963,Turismo Espacial,19,Victoria Clayton
195991,Historia del Universo Paralelo,30,Amado Cabañas Jover
147300,Psicología Canina,25,Mary Hill
2567,Historia del Universo Paralelo,19,Vasco Ribas
223295,Teoría Práctica,20,Eleanora Garozzo
48688,Historia del Universo Paralelo,24,Stacy Burnett
39296,Biología Marina,19,Rafaela Alfaro-Francisco
134502,Turismo Espacial,29,Cleto Jeremías Maza Palma
184843,Artes del Café,28,Carmen Mesa Aranda
67935,Filosofía Cuántica,27,Vanesa Perales Ariza
179751,Psicología Canina,18,Jacobo Maestre Carreño
201450,Historia del Universo Paralelo,23,Carlos Núñez Giner
113085,Artes del Café,28,Rosa Fagiani
167165,Historia del Universo Paralelo,30,Natalio Coca Azcona
39639,Cocina Molecular,20,Mary Ramirez
9612,Filosofía Cuántica,30,Vincenzo Ferrucci-Dossetti
58130,Cocina Molecular,23,Andrew Hansen
158227,Turismo Espacial,20,Michael Williams
220306,Artes del Café,23,Erika Jones
164490,Psicología Canina,24,Rossana Doria
231709,Historia del Universo Paralelo,19,Frank Sullivan
43108,Psicología Canina,28,Jessica Thomas
87932,Diseño de Moda Intergaláctica,18,Miguel Ángel Raya Niño
245140,Filosofía Cuántica,29,Gustavo Tirabassi-Norbiato
152785,Historia del Universo Paralelo,24,Dott. Ferdinando Ajello
230093,Teoría Práctica,26,Valentina Folliero
42185,Psicología Canina,25,Raffaellino Nolcini
187960,Historia del Universo Paralelo,26,Christopher Baker
36986,Turismo Espacial,29,Raffaele Donini
124666,Música para Plantas,21,Sandro Iannotti
63376,Psicología Canina,23,Cheryl Smith
46751,Teoría Práctica,20,Dott. Serena Pergolesi
229150,Filosofía Cuántica,24,Maura Pisano-Troisi
5604,Psicología Canina,19,Tomás Barba Cases
177586,Artes del Café,27,Bautista del Palomar
110078,Música para Plantas,28,Dott. Mirco Petrucelli
154788,Filosofía Cuántica,29,Gastone Cicilia
184902,Artes del Café,27,Azeglio Lombardi
137879,Diseño de Moda Intergaláctica,30,Annibale Salata-Migliaccio
234342,Música para Plantas,18,Pepita Belmonte Boix
215533,Filosofía Cuántica,30,Anunciación Piñeiro Redondo
128901,Cocina Molecular,21,Jeffery Pham
206873,Diseño de Moda Intergaláctica,18,Catherine Cooper
80199,Biología Marina,22,Angelina Missoni-Taccola
140587,Biología Marina,25,Arsenio Pasolini-Ruggieri
133419,Turismo Espacial,23,Vito Franscini
227349,Cocina Molecular,25,Cristina Stucchi
217055,Teoría Práctica,23,Jose Ignacio de Alarcón
218129,Música para Plantas,27,Espiridión Ordóñez Arévalo
169050,Historia del Universo Paralelo,28,Philip Jackson
165948,Turismo Espacial,26,María Cristina Méndez Barberá
203408,Biología Marina,25,Alba Bueno-Ferrero
228690,Cocina Molecular,27,Isabel Heras Muñoz
162356,Historia del Universo Paralelo,18,Giuliano Roero
18912,Turismo Espacial,27,Faustino Godoy Alegre
79422,Teoría Práctica,30,Raimundo de Galindo
237971,Turismo Espacial,24,Erika Joyce
167339,Música para Plantas,27,Cindy Crawford
109785,Cocina Molecular,28,Dolores Tartaglia
39640,Filosofía Cuántica,25,Christina Smith
11260,Cocina Molecular,22,Elodia Moles-Mora
216797,Turismo Espacial,19,Giustino Boitani-Pezzali
32908,Cocina Molecular,23,Rosalía Vera-Bustamante
46478,Historia del Universo Paralelo,27,Úrsula Apolonia Azcona Gallo
95574,Teoría Práctica,28,Vincenzo Pignatti
156641,Psicología Canina,28,Flavia Fo
194666,Psicología Canina,25,Michael Erickson
200048,Música para Plantas,29,Joshua Stewart
178577,Teoría Práctica,21,Jose Graham
32817,Música para Plantas,25,Rolando Castiglione
117385,Teoría Práctica,22,Maximino Uribe Martinez
220847,Teoría Práctica,26,Elisa Bellucci
705,Artes del Café,25,Jackson Matthews
176243,Cocina Molecular,19,Geronimo Brambilla
135267,Teoría Práctica,30,Frances Farmer
7940,Psicología Canina,20,Dante Bartoli
74160,Música para Plantas,21,Nazario Soto Perera
173808,Artes del Café,24,Giovanni Boccherini
140937,Psicología Canina,28,Stephanie Bell
52293,Diseño de Moda Intergaláctica,26,Sig.ra Raffaella Endrizzi
49713,Cocina Molecular,22,Mireia Perez Porcel
26181,Filosofía Cuántica,28,Jason Taylor
202582,Biología Marina,24,Juan Luis Borrego Ripoll
201841,Filosofía Cuántica,30,Devin Nelson
20716,Diseño de Moda Intergaláctica,28,Giacomo Samele-Cugia
70873,Diseño de Moda Intergaláctica,23,Isaura Roldán Morante
9943,Teoría Práctica,21,Tyrone Dudley
111302,Turismo Espacial,24,Destiny Reilly
179558,Cocina Molecular,21,Donna Harrison
240207,Biología Marina,19,Buenaventura Mesa-Pinedo
38296,Psicología Canina,19,Tonino Bembo
161674,Cocina Molecular,26,Magdalena Casado Aparicio
172990,Historia del Universo Paralelo,20,Dott. Daniele Barracco
63148,Música para Plantas,20,Natalio Solana Velázquez
201764,Historia del Universo Paralelo,24,Michael Woods
70254,Artes del Café,24,Kathryn Snyder
139159,Música para Plantas,27,Zoe Holland
141811,Turismo Espacial,20,Gary Ramos
47232,Cocina Molecular,24,Luisa Dallapé
207527,Teoría Práctica,26,Ámbar Hernando-Milla
190447,Música para Plantas,22,Lisa Young
48912,Artes del Café,18,Andrea Kelly
28596,Biología Marina,28,Randall Reid
103439,Biología Marina,27,Amanda Murialdo
36894,Música para Plantas,21,Bernardino Ropero Bello
163987,Cocina Molecular,27,Baccio Offredi-Gramsci
163838,Artes del Café,27,Natalie Lewis
128278,Teoría Práctica,27,Goyo del Sandoval
249182,Teoría Práctica,22,Lidia Aulenti
150834,Artes del Café,28,Devin Taylor
115687,Biología Marina,30,Liliana Abate
10509,Música para Plantas,30,Sig. Stefano Mercati
54720,Artes del Café,27,Delia Cerdán-Ferrer
38069,Cocina Molecular,19,Victoriano Godofredo Laguna Mármol
199023,Cocina Molecular,29,Juan Luis Pera Belda
236139,Teoría Práctica,28,Christopher Carrillo
48124,Cocina Molecular,22,Moisés Higueras
192362,Música para Plantas,23,Deborah Warren
160268,Artes del Café,28,Dott. Virginia Trevisani
240459,Diseño de Moda Intergaláctica,30,David Sola Cañete
130759,Cocina Molecular,21,Valentín del Serrano
42150,Psicología Canina,21,Angelica Franceschi
72635,Biología Marina,21,Thomas Williams
21062,Turismo Espacial,19,Jose Manuel Lucas Morillo
16818,Filosofía Cuántica,25,Isidro Terrón Pujol
95507,Teoría Práctica,24,Pierina Gradenigo
12251,Cocina Molecular,26,Adelardo Serrano Gonzalez
20773,Música para Plantas,22,Mauricio Múgica
213855,Biología Marina,25,Ornella Lopresti
37228,Teoría Práctica,28,Steven Klein
197762,Cocina Molecular,19,Cornelio Madrid Pulido
141896,Biología Marina,29,María Jesús Valdés Montoya
115960,Turismo Espacial,18,Imelda Ubaldi
60317,Filosofía Cuántica,21,Dott. Lando Caccianemico
138853,Música para Plantas,29,Toño Solano Rueda
23154,Artes del Café,28,Nilo Manuel Nuñez
142312,Historia del Universo Paralelo,19,Sig. Bruno Ferragni
85733,Turismo Espacial,24,Barbara Piane
136134,Cocina Molecular,20,Jennifer Miles
244123,Artes del Café,25,Matilda Ciampi
71346,Teoría Práctica,20,Sig.ra Rosaria Balbo
190462,Teoría Práctica,26,Filippo Bodoni-Parpinel
124614,Filosofía Cuántica,27,Caitlin Leon
80304,Música para Plantas,18,Marcelino Camino
50303,Artes del Café,23,Kaitlyn Wilkerson
150597,Artes del Café,23,Achille Venturi
147784,Psicología Canina,27,Andrew Roman
75589,Diseño de Moda Intergaláctica,30,Kaitlyn Snow
94582,Filosofía Cuántica,25,Richard Smith
132674,Diseño de Moda Intergaláctica,28,Matthew Hamilton
200461,Turismo Espacial,27,Timoteo Heliodoro Naranjo Madrigal
83625,Teoría Práctica,27,Aurora Argentero
155013,Cocina Molecular,24,Ariel Reyes Castañeda
15961,Cocina Molecular,26,Vincenza Bignardi
102785,Filosofía Cuántica,23,Gelsomina Giradello
53105,Filosofía Cuántica,28,Travis Olsen
122137,Artes del Café,18,Joshua Powell
105925,Cocina Molecular,30,Rossana Iacobucci
230211,Turismo Espacial,18,Susan Turner
189028,Música para Plantas,26,Heather Perry
47918,Teoría Práctica,30,Michael Gomez
56176,Diseño de Moda Intergaláctica,23,Niccolò Fiorucci
79456,Filosofía Cuántica,19,Belen Arias-Mas
178216,Cocina Molecular,27,Victor Lumbreras Santamaría
76829,Diseño de Moda Intergaláctica,20,Timothy Wright
169090,Cocina Molecular,27,Marcia Morales
557,Filosofía Cuántica,27,Meredith Mcintosh
87951,Diseño de Moda Intergaláctica,18,Rosa María Trinidad Cabeza Villena
118509,Cocina Molecular,19,Dott. Francesca Bajamonti
160211,Biología Marina,28,Lupe del Julián
69112,Turismo Espacial,21,Máximo Fajardo Huertas
237026,Psicología Canina,20,Dott. Anita Iannucci
19983,Teoría Práctica,24,Dawn Petersen
232171,Artes del Café,29,Ángeles Pili Cuenca Ferrándiz
121182,Diseño de Moda Intergaláctica,26,Bianca Babati
220920,Biología Marina,19,Cristina Yáñez Arranz
156162,Cocina Molecular,22,Cruz Acosta Guitart
207070,Diseño de Moda Intergaláctica,20,Donna Spallanzani
166540,Música para Plantas,18,Ignazio Bernardi
184641,Turismo Espacial,25,Rosario Zarlino
135061,Psicología Canina,23,Aria Franceschi
37385,Turismo Espacial,24,Sole Zetticci
21469,Música para Plantas,27,Purificación Borja-Anaya
235605,Música para Plantas,19,Shelley Jones
155284,Psicología Canina,28,Colin Jenkins
149773,Diseño de Moda Intergaláctica,29,Patricio Madrigal-Asensio
220356,Historia del Universo Paralelo,23,David Cooper
177018,Cocina Molecular,26,Sergio Garmendia-Oliva
66768,Diseño de Moda Intergaláctica,21,Graziano Sagredo-Nosiglia
147157,Psicología Canina,20,Vidal Riquelme-Zurita
223694,Cocina Molecular,27,Dott. Maura Moschino
219663,Teoría Práctica,24,Selena Calleja Garmendia
81896,Artes del Café,20,Nino Chiaramonte
244327,Diseño de Moda Intergaláctica,21,Sig. Camillo Nicolucci
186970,Música para Plantas,28,Antonio Ludovisi-Gaiatto
216985,Filosofía Cuántica,26,Brian Spencer
30518,Diseño de Moda Intergaláctica,23,Fito Pascual Jódar
80471,Cocina Molecular,28,Eva Ioppi-Sommaruga
202948,Biología Marina,28,Katherine Phillips
152350,Teoría Práctica,29,Amadeo Montalti
48389,Artes del Café,24,Fedele Monduzzi
128373,Filosofía Cuántica,24,Pío Santiago Alcolea
93009,Teoría Práctica,28,Abel Teo Lobato Gras
50384,Música para Plantas,24,Matteo Cilibrasi-Giusti
211983,Historia del Universo Paralelo,22,Trevor Leon
117051,Cocina Molecular,27,Dott. Annamaria Schiavone
83272,Turismo Espacial,26,Brian Cobb
192577,Cocina Molecular,29,Elodia Arco Bayona
180836,Música para Plantas,28,Lorena Roselló Palacios
127777,Teoría Práctica,28,James Nelson
40743,Historia del Universo Paralelo,27,Fortunata Nidia Hurtado Cepeda
234960,Turismo Espacial,25,Stephen Williams
67672,Diseño de Moda Intergaláctica,22,John Douglas
136921,Cocina Molecular,23,David Cohen
231972,Historia del Universo Paralelo,19,Noé Roselló Camino
212804,Psicología Canina,26,Guiomar Coronado
41409,Teoría Práctica,21,Renato del Pintor
84376,Historia del Universo Paralelo,27,Richard Luna
53959,Turismo Espacial,24,Juan Mateu Peralta
241940,Filosofía Cuántica,29,Félix Rincón
12117,Filosofía Cuántica,25,Imelda Gutiérrez Roda
211489,Diseño de Moda Intergaláctica,25,Fortunata Fuertes Medina
206315,Psicología Canina,27,Dante Zacco
206900,Teoría Práctica,28,Victorino Capdevila Balaguer
211248,Filosofía Cuántica,28,Ruggiero Corbo
157813,Biología Marina,30,Concetta Pacetti
197896,Biología Marina,29,Lilla Sandi
222543,Filosofía Cuántica,21,Olalla Serna Clemente
37044,Cocina Molecular,24,Francesca Siffredi
106790,Historia del Universo Paralelo,22,Rembrandt Galuppi-Costanzi
112138,Filosofía Cuántica,25,Piermaria Tasca
46530,Cocina Molecular,30,Artemio Ibáñez-Iniesta
5943,Diseño de Moda Intergaláctica,28,Evangelina Vazquez Porras
207902,Música para Plantas,26,Milo Volterra-Riccardi
201976,Artes del Café,24,Ámbar Gil Querol
118872,Cocina Molecular,27,María Carmen Arnal Paniagua
64979,Artes del Café,19,Brittany Wood
164477,Psicología Canina,20,Sheila Young
222051,Turismo Espacial,18,Alex English
31804,Música para Plantas,19,Patrizio Sinisi-Abba
27057,Diseño de Moda Intergaláctica,27,Nuria Figuerola Cabeza
105146,Turismo Espacial,24,Brian Johnson
177306,Teoría Práctica,21,Brandy Stewart
157627,Artes del Café,30,Dawn Anderson
45268,Música para Plantas,19,Vanesa Valcárcel Perez
141646,Biología Marina,27,Adelardo Coello Barba
132281,Música para Plantas,19,Mason Perez
186991,Diseño de Moda Intergaláctica,21,Massimo Lombroso
11784,Biología Marina,30,Nicole Wade
127495,Biología Marina,18,Dott. Agostino Rinaldi
165336,Psicología Canina,19,Kevin Harris
244810,Psicología Canina,28,Ansaldo Grifeo
48516,Biología Marina,23,Begoña Aller
202915,Psicología Canina,22,Pascual Miguel Elías
209014,Artes del Café,20,Sig.ra Zaira Pisani
228594,Biología Marina,28,Guiomar Viana Vallejo
86975,Filosofía Cuántica,21,Elizabeth Galvan
160120,Turismo Espacial,22,Phillip Rodriguez
155167,Psicología Canina,29,Evelyn Klein
222212,Artes del Café,27,Nilo Lozano-Martínez
249952,Psicología Canina,30,Joaquina Jordán-Lucena
232125,Cocina Molecular,27,John Mueller
28112,Cocina Molecular,22,Encarnita Becerra
202739,Música para Plantas,20,Claudio Galan Miguel
179888,Diseño de Moda Intergaláctica,26,Ricky Guerrero
33717,Artes del Café,20,Consuelo del Rebollo
67756,Historia del Universo Paralelo,24,Sarah Gill
39985,Turismo Espacial,20,Bonnie Roberts
56234,Biología Marina,25,Caridad de Poza
54579,Turismo Espacial,29,Salomón Esparza Amor
122629,Filosofía Cuántica,19,Debra Hudson
172237,Filosofía Cuántica,19,Joy Gould
239312,Teoría Práctica,24,León Escamilla Ortiz
70275,Diseño de Moda Intergaláctica,26,Rubén Calzada
172073,Diseño de Moda Intergaláctica,18,Mitchell Thornton
167265,Teoría Práctica,30,Giovanni Guglielmi
158770,Biología Marina,28,Sig.ra Aurora Juvara
121995,Música para Plantas,27,Nancy Austin
11909,Artes del Café,28,Katherine Gibson PhD
101216,Biología Marina,22,Micheal Davis Jr.
64968,Psicología Canina,27,René Roque Torrens Andrés
125587,Historia del Universo Paralelo,24,Mamen Barón Lastra
232901,Psicología Canina,18,Rebecca Jefferson
164029,Biología Marina,27,Anabel Ponce Perea
13913,Biología Marina,21,María Del Carmen Sans Rodríguez
25071,Turismo Espacial,22,Antonio Folch Lluch
74528,Historia del Universo Paralelo,24,Mark Bennett
121615,Turismo Espacial,21,Deborah Gomez
112456,Historia del Universo Paralelo,29,Vilma Milla Alvarez
109219,Artes del Café,21,Sig.ra Dolores Disdero
67534,Historia del Universo Paralelo,24,Mrs. Jennifer Phillips
142453,Diseño de Moda Intergaláctica,18,Panfilo Ossani
157219,Psicología Canina,28,Cecilio Cañellas Viñas
117365,Artes del Café,26,Bernabé Iriarte Saez
59757,Teoría Práctica,26,Michael Barnett
174793,Filosofía Cuántica,28,Christina Lambert
42095,Música para Plantas,26,Federica Moccia
249366,Cocina Molecular,30,Lupita Zabaleta Castro
95546,Turismo Espacial,28,Saturnina Echeverría
98664,Biología Marina,28,Victoriano Pedro Rozas
39243,Filosofía Cuántica,25,Jerónimo Fabregat Francisco
130143,Biología Marina,22,Amy Gonzalez
29668,Psicología Canina,28,Amaya Sosa Fabra
84987,Cocina Molecular,26,Mr. Peter Christian
89763,Biología Marina,21,Dott. Simonetta Vezzali
28851,Cocina Molecular,29,Jose Ignacio Menendez Soto
106518,Artes del Café,25,Luisa Busoni-Piazzi
95725,Teoría Práctica,25,Heidi Harris
242043,Historia del Universo Paralelo,29,Amelia Morante Pol
204969,Biología Marina,19,Joseph Stokes
171938,Biología Marina,27,Édgar Ugarte
217931,Diseño de Moda Intergaláctica,19,Nicolasa Alberto Téllez
51654,Teoría Práctica,27,Pablo Uribe Rosa
154805,Biología Marina,24,Sig.ra Paloma Bassi
175395,Psicología Canina,27,Fabiana Gargallo Torrecilla
216322,Cocina Molecular,29,Vittorio Bergoglio
113940,Turismo Espacial,28,Amico Trupiano-Pavanello
91181,Turismo Espacial,19,Livio Caffarelli-Innocenti
47608,Filosofía Cuántica,18,Donatello Barzini-Roncalli
217168,Teoría Práctica,21,Leonel Bonet Crespi
92228,Historia del Universo Paralelo,20,Marcello Zampa
196611,Filosofía Cuántica,27,Victoria Barry
135955,Diseño de Moda Intergaláctica,23,Humberto Clemente Villar Conesa
90768,Biología Marina,21,Julie Watts
105160,Filosofía Cuántica,18,Kim Harper
2323,Artes del Café,30,Valerie Wilson
41058,Turismo Espacial,24,Agustina Mínguez
88098,Filosofía Cuántica,24,Casandra del Quero
226665,Psicología Canina,28,Ashley Riley
22464,Historia del Universo Paralelo,24,Donna Terragni
245235,Artes del Café,23,Amber Moore
115723,Filosofía Cuántica,21,John Smith
131566,Psicología Canina,30,Joan Mateos Acero
4072,Teoría Práctica,30,Stefano Tasso
84466,Cocina Molecular,20,Patrizia Musatti
120766,Artes del Café,18,Anacleto Fiol-Calderón
17139,Artes del Café,19,Dolores del Montserrat
73347,Diseño de Moda Intergaláctica,25,Daniel Christian
153879,Turismo Espacial,21,Dimas Arroyo Arias
168484,Teoría Práctica,29,Brandi Glenn
188713,Turismo Espacial,26,Mauro Volterra
7213,Cocina Molecular,24,Gabino Palomino
35152,Biología Marina,18,Loreto Cifuentes Serra
74674,Diseño de Moda Intergaláctica,25,Salomón Paredes Gallart
202547,Historia del Universo Paralelo,26,Rosina Pausini
31605,Artes del Café,20,Chita Herrera Hernández
79506,Historia del Universo Paralelo,18,Calvin Dominguez
95606,Psicología Canina,21,Marina Gaggini
200438,Psicología Canina,24,Katrina Singh
92604,Música para Plantas,27,Glauco Alemany Peral
25797,Historia del Universo Paralelo,26,Catalina Cabañas Morcillo
130395,Filosofía Cuántica,18,Randy Allen
86168,Biología Marina,18,Linda Clayton
9233,Historia del Universo Paralelo,30,Tracy Johnson
7957,Filosofía Cuántica,30,Viviana Sabater Romeu
72105,Filosofía Cuántica,25,Ashley Welch
189219,Música para Plantas,24,Jason Mckinney
98366,Artes del Café,20,Ottavio Branciforte
70265,Diseño de Moda Intergaláctica,24,Carla Frías Castejón
238610,Psicología Canina,23,Sebastian Gutiérrez Palomares
100185,Biología Marina,22,Filippo Rubbia
13495,Historia del Universo Paralelo,30,Jose Miguel Baltasar Parejo Chico
14580,Historia del Universo Paralelo,23,Bethany Singleton
99514,Teoría Práctica,23,Lilia Ayala Río
3198,Artes del Café,24,Marissa Williams
195863,Biología Marina,26,Marisa Ferrández Moraleda
174811,Teoría Práctica,27,Michelle Booth
146891,Teoría Práctica,30,Marina Cesaroni
123644,Cocina Molecular,20,Riccardo Prodi
229679,Psicología Canina,21,Ryan Jackson
228442,Diseño de Moda Intergaláctica,27,Mary Floyd
147619,Artes del Café,18,Lara Carli-Bixio
98194,Historia del Universo Paralelo,21,Megan Espinoza
53213,Música para Plantas,22,Esperanza Amaya
96490,Historia del Universo Paralelo,21,Uberto Lettiere
137560,Música para Plantas,29,Nilo del Somoza
234817,Psicología Canina,23,Andrea Holmes
149052,Cocina Molecular,26,Andrés Felipe León Múñiz
164796,Filosofía Cuántica,22,Joshua Lee
127692,Filosofía Cuántica,18,Kevin Fernandez
212108,Música para Plantas,22,Américo de Martí
44652,Artes del Café,25,Rosenda Grau-Arana
240963,Turismo Espacial,25,Gino Fornaciari
163769,Artes del Café,28,Antonella Fanucci
2581,Cocina Molecular,26,Juan Pablo Bonilla Córdoba
61805,Turismo Espacial,26,Rubén Máximo Ojeda Armengol
55446,Música para Plantas,24,Mónica Ordóñez
5405,Teoría Práctica,26,Carla Taliercio
147097,Diseño de Moda Intergaláctica,25,Ryan Davis
190742,Música para Plantas,25,Concetta Fantozzi-Vespa
79874,Historia del Universo Paralelo,22,Amy Ferrell
62859,Cocina Molecular,23,Maria Borsellino
26052,Filosofía Cuántica,18,Yéssica Zabaleta Rozas
151264,Biología Marina,29,Casemiro Tapia Torres
159576,Cocina Molecular,29,Jose Ignacio Valenzuela Vendrell
170726,Filosofía Cuántica,22,Fulgencio Pazos Bermejo
199052,Historia del Universo Paralelo,22,Robert Miller
242795,Cocina Molecular,22,David Bell
177954,Filosofía Cuántica,30,Mariana Foa
247526,Música para Plantas,22,Calista del Gabaldón
169823,Biología Marina,27,Ashley Foster
49928,Música para Plantas,20,Rosalinda Agullo Haro
10572,Biología Marina,18,Elvira Fagotto
159195,Diseño de Moda Intergaláctica,28,Armando Asenjo Arias
14235,Teoría Práctica,23,Ernesto Caccioppoli
242938,Teoría Práctica,18,Ubaldo Anichini
135688,Biología Marina,27,Oriana Cabeza Guillen
130654,Cocina Molecular,20,Timothy Miranda
79110,Diseño de Moda Intergaláctica,30,Jenny de Piñeiro
125229,Historia del Universo Paralelo,23,Fito Peña
61829,Turismo Espacial,18,Lino Loreto Martinez Arias
19632,Música para Plantas,18,Elizabeth Richards
827,Cocina Molecular,30,Gabrielle Hebert
149796,Psicología Canina,21,Rosa Guarneri
102262,Diseño de Moda Intergaláctica,21,Juan Luis Recio Bermudez
192127,Teoría Práctica,25,María Pablo Tapia
157647,Turismo Espacial,18,Zaida del Palma
194706,Teoría Práctica,21,Sig. Elladio Gangemi
109534,Filosofía Cuántica,28,Tina Corradi
43560,Cocina Molecular,18,Alessio Udinesi
245937,Teoría Práctica,24,Pascual Bermejo
62238,Cocina Molecular,24,Danilo Murillo Escrivá
187040,Historia del Universo Paralelo,21,Heather Cunningham
141914,Música para Plantas,24,Apolinar Garcés Mir
197787,Teoría Práctica,26,Francesco Botta-Benedetti
174923,Historia del Universo Paralelo,25,Cheyenne Sellers
10787,Historia del Universo Paralelo,28,Laura Lucchesi
43957,Diseño de Moda Intergaláctica,18,Leopoldo Giner Ramis
144002,Artes del Café,21,Paco del Quintero
128763,Música para Plantas,29,Debra Johnson
163991,Diseño de Moda Intergaláctica,27,Cándida Pombo Antúnez
225377,Cocina Molecular,30,Tara Jones
134344,Filosofía Cuántica,20,Brenda Stevens
34736,Biología Marina,29,Isabella Tarchetti
203454,Cocina Molecular,23,Marcello Berengario
183221,Historia del Universo Paralelo,29,Valero Tello Sacristán
83341,Música para Plantas,26,Jeffrey Lawson
70302,Teoría Práctica,27,Jonathan Griffin
206270,Filosofía Cuántica,24,Graziella Staglieno
22713,Turismo Espacial,25,Jeffery Reeves
34470,Filosofía Cuántica,18,Candelaria Saura
102532,Turismo Espacial,28,Blanca Cámara Almansa
55547,Biología Marina,23,Kimberly Parks
154014,Filosofía Cuántica,27,Amor Agustí
232689,Psicología Canina,28,Claudia Murphy
135072,Diseño de Moda Intergaláctica,30,Kevin Tucker
232346,Psicología Canina,26,Victoria Acuña Rico
50645,Turismo Espacial,25,Jonatan de Trillo
187597,Filosofía Cuántica,23,Jordán López Romero
8487,Psicología Canina,22,John Kidd
19957,Música para Plantas,27,Lope Saura Mata
185303,Biología Marina,22,Jeffrey Williams
74694,Diseño de Moda Intergaláctica,19,Michael Dawson
91011,Psicología Canina,25,Nacio Ródenas Alemán
88603,Psicología Canina,27,Sig. Ivo Tedesco
230443,Música para Plantas,20,Elisa Tur
49837,Turismo Espacial,24,Victorino Herrera
49820,Turismo Espacial,24,Bryan Smith
105738,Turismo Espacial,29,Daniel Zhang
177066,Turismo Espacial,19,Bernardino Peral Palmer
145711,Filosofía Cuántica,29,Kenneth Collins
108199,Turismo Espacial,29,Yvonne Ruiz
177653,Filosofía Cuántica,26,Kristine Ingram
187555,Biología Marina,19,Gabriel Rogers
182730,Historia del Universo Paralelo,20,Torquato Opizzi
195493,Turismo Espacial,25,Juan Manuel Catalán-Vicente
183976,Filosofía Cuántica,27,Dott. Antonia Morucci
66785,Artes del Café,23,Feliciano Elorza
151532,Turismo Espacial,24,Elizabeth Hopkins
138552,Teoría Práctica,23,Agostino Balla
95196,Psicología Canina,21,Tracy Cole
196989,Artes del Café,23,Olga Lattuada
225068,Turismo Espacial,20,Hugo Malacarne
19812,Filosofía Cuántica,25,Courtney Clark
221142,Artes del Café,18,Crystal Brown
75833,Turismo Espacial,30,Silvia Cortese
81474,Cocina Molecular,23,Roldán Garzón Mulet
148113,Turismo Espacial,23,Anne Martin DDS
241157,Turismo Espacial,18,Felisa Fuente Lago
234854,Psicología Canina,18,Vincenza Soderini
92214,Artes del Café,18,Clara de Mate
209813,Diseño de Moda Intergaláctica,29,Angela Sandoval
230399,Artes del Café,21,Saturnina Julia Malo Blanch
193869,Cocina Molecular,30,Sig. Benedetto Bosio
203731,Artes del Café,23,Donald Smith
156506,Diseño de Moda Intergaláctica,20,Ruperto Uriarte-Mascaró
58547,Biología Marina,26,Rebecca Moss
24824,Psicología Canina,25,Imelda Boccherini
191370,Cocina Molecular,26,José Antonio de Gonzalez
145062,Diseño de Moda Intergaláctica,28,Stacy Warren
144075,Filosofía Cuántica,30,Matteo Zaccagnini
12734,Turismo Espacial,26,Aaron Wright
57600,Filosofía Cuántica,30,Patricia Brock
89569,Artes del Café,22,Severiano Cid Torre
242446,Filosofía Cuántica,29,Gionata Roccabonella
195901,Cocina Molecular,26,Calisto Soriano-Vicens
140986,Turismo Espacial,21,Domenico Monicelli
148204,Historia del Universo Paralelo,20,Guido Telesio-Stefanelli
192548,Turismo Espacial,20,Rolando Grassi
234145,Artes del Café,27,Julie Price
241267,Turismo Espacial,30,Gaspar Meléndez Rojas
219629,Turismo Espacial,27,Matilde Cid Vergara
4089,Psicología Canina,20,Ethan Irwin
222434,Cocina Molecular,30,Porfirio Lobato-Villa
81241,Filosofía Cuántica,27,Lolita Caetani-Colletti
177502,Psicología Canina,23,Brian Brewer MD
23540,Historia del Universo Paralelo,27,Pierpaolo Mazzacurati
80856,Historia del Universo Paralelo,18,Christopher Rios
17150,Música para Plantas,20,Plácido Heras Tudela
106836,Artes del Café,30,Victor Manuel Manrique-Carbajo
76387,Teoría Práctica,24,Primitivo Tormo Diéguez
88165,Cocina Molecular,24,Corrado Monduzzi
22279,Historia del Universo Paralelo,23,Serafina Adinolfi
9421,Psicología Canina,26,Jennifer Lynn
116863,Diseño de Moda Intergaláctica,26,Katherine Kelley
249669,Historia del Universo Paralelo,21,Dana Ortiz
61220,Historia del Universo Paralelo,28,Deanna Cox
40130,Historia del Universo Paralelo,20,Lisa Gallagher
107955,Artes del Café,25,Nicolò Sauro-Rizzo
186494,Teoría Práctica,24,Jenny Mathews
61294,Artes del Café,22,Sig.ra Rosina Duse
63783,Historia del Universo Paralelo,28,Bryan Montgomery
179093,Música para Plantas,19,Philip Fox
174929,Cocina Molecular,26,Félix Sáez
76299,Música para Plantas,25,Leslie Jensen
17987,Cocina Molecular,28,Daniel Martin
145311,Teoría Práctica,24,Aria Pausini
30573,Cocina Molecular,27,Jeffrey York
8524,Teoría Práctica,20,Marina Saffi
155735,Música para Plantas,24,Jordan Chambers
69013,Diseño de Moda Intergaláctica,21,Cirino Córdoba-Aragonés
102291,Diseño de Moda Intergaláctica,28,Sig.ra Cecilia Argenti
76023,Teoría Práctica,23,Modesto Garcia Sainz
205507,Psicología Canina,25,Ludovico Semitecolo-Versace
29856,Turismo Espacial,23,Gregory Strong
221202,Diseño de Moda Intergaláctica,27,Jonathan Boyle
111220,Música para Plantas,28,Isaac Macdonald
96037,Historia del Universo Paralelo,21,Aránzazu Murillo Coronado
135067,Historia del Universo Paralelo,21,Raymond Fowler
51155,Psicología Canina,23,Patrick Wolf
135840,Turismo Espacial,21,Stefania Argento
78096,Música para Plantas,20,Kevin Williams
164780,Artes del Café,24,Samu de Carro
112145,Cocina Molecular,21,César Mur-Losa
143333,Psicología Canina,18,Tatiana Borrani
127330,Música para Plantas,21,María José Vall-Tudela
151707,Psicología Canina,20,María Cristina Nereida Lillo Colom
63010,Historia del Universo Paralelo,21,Áurea Águila Ordóñez
29305,Música para Plantas,20,Jimmy Richmond
171191,Turismo Espacial,28,Dott. Gelsomina Blasi
60262,Turismo Espacial,25,Robert Alexander
2046,Cocina Molecular,22,Ángel Estrada-Machado
110534,Música para Plantas,26,Jenaro Alsina Quevedo
77829,Biología Marina,20,Ruben Arce Hernando
196287,Turismo Espacial,20,Damiano Rusticucci
77778,Turismo Espacial,29,Vittorio Proietti
137893,Turismo Espacial,21,Giada Gottardi
22992,Historia del Universo Paralelo,29,Valentina Modugno-Ginesio
48983,Artes del Café,30,Robert Booth
191453,Biología Marina,23,Massimo Dulbecco
175327,Turismo Espacial,20,Sig.ra Mercedes Fagiani
26803,Turismo Espacial,21,Luigina Nordio
61920,Diseño de Moda Intergaláctica,19,Kim Porter
155379,Historia del Universo Paralelo,29,Modesto Chacón
133800,Turismo Espacial,24,Aimee Cortez
229648,Filosofía Cuántica,22,Edmundo Muro Camps
70345,Psicología Canina,20,Loretta Sermonti
137629,Música para Plantas,27,Veronica Cooper
246206,Turismo Espacial,20,Luciana Duarte Carrillo
21167,Biología Marina,20,Jacopo Cattaneo
191687,Historia del Universo Paralelo,21,Adam Lowe
87198,Cocina Molecular,27,Kayla Adams
170580,Filosofía Cuántica,23,Daniel Greer
199534,Filosofía Cuántica,23,Lina Trobbiani
170635,Cocina Molecular,27,Daryl Gibson
110068,Turismo Espacial,29,Jared Cortez
200233,Música para Plantas,28,Sig. Arnaldo Semitecolo
141078,Teoría Práctica,27,Anna Franklin
51313,Teoría Práctica,21,Víctor Romeu-Arce
30112,Biología Marina,30,Marcia Williams
6152,Artes del Café,20,Miguel Rollins
173645,Artes del Café,21,Matthew Wilson
150551,Biología Marina,26,Kelly Hamilton
79889,Teoría Práctica,26,Alfio Adinolfi
190627,Turismo Espacial,27,Gracia Nieto-Expósito
222749,Música para Plantas,18,James Jones
135304,Turismo Espacial,30,Alejandra Galán Guardia
42416,Artes del Café,23,Augusto Malpighi
113992,Historia del Universo Paralelo,29,Agostino Maglio
39223,Cocina Molecular,28,Sole Bertolucci
178198,Historia del Universo Paralelo,20,Aaron Bowers
162057,Biología Marina,26,Rosa Gomila Conde
211609,Música para Plantas,26,Pasquale Argentero-Toscani
7621,Biología Marina,22,Lazzaro Turci
79562,Cocina Molecular,25,David Trevino
104249,Historia del Universo Paralelo,24,Ciro Campos Bustamante
224066,Diseño de Moda Intergaláctica,28,Tiziano Vitturi
26219,Cocina Molecular,30,Brian Gonzalez
80511,Turismo Espacial,28,Ruth Hubbard
80272,Diseño de Moda Intergaláctica,21,April Holmes PhD
101554,Biología Marina,30,Jerónimo Gutiérrez Pla
24727,Biología Marina,18,Ana Davis
240449,Música para Plantas,30,Matilde Barriga
88777,Psicología Canina,20,Micaela Macias Díez
151028,Historia del Universo Paralelo,27,Federico Pedroni
155826,Biología Marina,27,Lolita Cicala
213396,Filosofía Cuántica,29,Michelle Green
4374,Turismo Espacial,25,Elizabeth Moss DDS
167575,Filosofía Cuántica,28,Teresa Davis
200175,Diseño de Moda Intergaláctica,28,Molly Mcdowell
126481,Historia del Universo Paralelo,28,Jennifer Underwood
94909,Turismo Espacial,20,Rodolfo Stoppani
91647,Historia del Universo Paralelo,21,Eloísa Diaz Morán
249112,Historia del Universo Paralelo,20,Randall Cline
227808,Diseño de Moda Intergaláctica,26,Pietro Sraffa-Leoncavallo
159251,Artes del Café,30,Victor Manuel Santamaría Saez
129469,Artes del Café,20,Michele Salazar
121234,Artes del Café,29,Sig.ra Sandra Ritacca
237635,Artes del Café,18,Dott. Monica Baggio
228083,Teoría Práctica,29,Sig. Adelmo Tomaselli
9846,Teoría Práctica,29,Bill Green
19614,Filosofía Cuántica,20,Dorita Bosch Pintor
225452,Psicología Canina,30,Piergiorgio Staglieno-Filippelli
230954,Cocina Molecular,24,William Kramer
219482,Música para Plantas,22,Lodovico Trevisani
120051,Cocina Molecular,18,Dott. Licia Palumbo
248419,Teoría Práctica,21,Gianmarco Barcaccia
113035,Música para Plantas,27,Reina Pla Blasco
195362,Biología Marina,19,Andrés Losada Aroca
208891,Biología Marina,29,Sig. Emilio Paltrinieri
137604,Artes del Café,27,Roberta Moneta
13019,Artes del Café,29,María Fernanda Bosch
113199,Cocina Molecular,23,María Luisa Ale Roca Acosta
27762,Filosofía Cuántica,29,Ninetta Pometta
190815,Teoría Práctica,28,Jeremy Henderson
214106,Turismo Espacial,25,Dino Sagese-Michelangeli
208733,Teoría Práctica,23,Trevor Robertson
121975,Biología Marina,19,Marita Artigas
220108,Biología Marina,21,Francesco Bernardini
27,Turismo Espacial,25,Bienvenida Plaza Salcedo
136346,Música para Plantas,25,Jennifer Sanders DDS
54975,Teoría Práctica,22,Ernesto Fornaciari
161013,Turismo Espacial,20,Severino Fabbri-Moccia
28125,Filosofía Cuántica,25,Perlita de Calderon
102147,Biología Marina,18,Crystal Deleon
53025,Artes del Café,19,Michele Kidd
152835,Biología Marina,29,César Campoy-Flores
98356,Psicología Canina,26,Vanessa Perini
3278,Psicología Canina,28,Stephanie Miller
180897,Biología Marina,19,Juliana Nayara Alemany Tapia
90552,Teoría Práctica,28,Brian Baker
84701,Artes del Café,29,Otilia Samper Torrent
22177,Psicología Canina,22,Pepito Noguera Vall
78088,Biología Marina,20,Tina Moretti
139649,Biología Marina,27,Ramona Niggli-Alighieri
4924,Teoría Práctica,29,Rachel Kirby
129392,Artes del Café,22,Deborah Figueroa
238016,Psicología Canina,30,Sole Casellati
114571,Teoría Práctica,22,Teresa Scalera
34518,Historia del Universo Paralelo,21,Fernanda Esteve
60466,Psicología Canina,19,Amy Houston
24378,Cocina Molecular,30,Gary Johnson
18186,Filosofía Cuántica,23,Mercedes Tormo Hoz
221708,Teoría Práctica,26,Henry Villanueva
105907,Biología Marina,19,Torquato Montecchi
155970,Diseño de Moda Intergaláctica,23,Kristina Schmidt
232790,Música para Plantas,21,Rocco Parmitano
220953,Artes del Café,23,Sig. Raimondo Falloppio
61267,Historia del Universo Paralelo,22,Lucila España-Ariza
208873,Turismo Espacial,24,María Jesús Bermúdez-Mayol
121522,Artes del Café,23,Kevin Solis
248403,Filosofía Cuántica,25,Dott. Antonina Mancini
225869,Psicología Canina,30,Tere Contreras Soto
241691,Música para Plantas,29,Águeda Corral Bru
51246,Psicología Canina,19,Miriam Fuente Salgado
64203,Turismo Espacial,21,Cathy Simmons
124684,Filosofía Cuántica,26,Kyle Bradley
26355,Diseño de Moda Intergaláctica,30,Florina Vendrell Cal
12523,Biología Marina,22,Viridiana Calarco-Nicoletti
249055,Historia del Universo Paralelo,24,Molly Sanchez
54324,Diseño de Moda Intergaláctica,25,Lucio Manzoni
232684,Música para Plantas,27,Mark Green
99881,Filosofía Cuántica,20,Judy Gillespie
129532,Psicología Canina,24,Paulina Torres Mateo
77988,Teoría Práctica,22,Arnulfo Necci
28101,Psicología Canina,22,Claudio Tagliafierro
149707,Turismo Espacial,23,Melissa Abatantuono
239653,Biología Marina,25,Jeremy Rios
25609,Música para Plantas,24,Susan Carter
113377,Turismo Espacial,30,Rodolfo Santoro
170822,Biología Marina,27,Ismael Bonilla
248552,Filosofía Cuántica,30,Benedetto Foconi
71470,Turismo Espacial,24,Colton Murray
162220,Filosofía Cuántica,22,Dott. Aldo Magnani
132931,Biología Marina,26,Estefanía Rocamora Aparicio
44757,Diseño de Moda Intergaláctica,25,Ricardo Mármol Coloma
137814,Filosofía Cuántica,25,Aroa Salvador
9099,Diseño de Moda Intergaláctica,30,Cruz Batalla Granados
42746,Artes del Café,29,Juan Antonio Borja Gomis Lledó
235513,Artes del Café,21,Matthew Herrera
199914,Diseño de Moda Intergaláctica,25,Erika Cook
101810,Cocina Molecular,18,Miguel de Ureña
69108,Artes del Café,18,Sig.ra Melina Natta
51418,Turismo Espacial,28,Ignacio Ramirez Valentín
35876,Historia del Universo Paralelo,25,Zaira Galilei
210486,Teoría Práctica,21,Bautista Sosa Peralta
147386,Cocina Molecular,21,Christine Monroe
96887,Filosofía Cuántica,22,Adamo Pascarella
129331,Diseño de Moda Intergaláctica,30,Ariel Tovar Castejón
141539,Música para Plantas,20,Thomas Kelley
115668,Filosofía Cuántica,27,Vicenta Cerro Valdés
32561,Turismo Espacial,26,Donna Shepherd
90214,Música para Plantas,24,Sylvia Pennetta
86582,Teoría Práctica,23,Adam Sanders
9572,Teoría Práctica,28,Wálter Herminio Flor Juárez
79870,Historia del Universo Paralelo,25,Nedda Gentili
129924,Biología Marina,19,Rafa Serna Fiol
214303,Biología Marina,29,Kathryn Rogers
198026,Artes del Café,24,Russell Martin
97913,Filosofía Cuántica,28,Adolfo Florentino Riera Rueda
174939,Biología Marina,24,Ugolino Garobbio
131865,Historia del Universo Paralelo,24,Trinidad Marín
43148,Historia del Universo Paralelo,24,Richard Daugherty
41377,Diseño de Moda Intergaláctica,19,Hunter Clark
237963,Teoría Práctica,25,Michael Marsh
238992,Turismo Espacial,20,Fernanda Durante
55957,Filosofía Cuántica,30,Olalla Cañizares Gallo
74713,Artes del Café,21,Shannon Foster
24424,Historia del Universo Paralelo,27,Aristides Molins-Fuster
130845,Diseño de Moda Intergaláctica,23,John Smith
123965,Teoría Práctica,28,Adriano Bombieri
51728,Historia del Universo Paralelo,25,Mr. Jesus Fitzgerald
107333,Música para Plantas,25,Brunilda Soria Pujol
216417,Historia del Universo Paralelo,27,Craig Bates
167943,Artes del Café,30,Dott. Alphons Bramante
80509,Artes del Café,27,Sig.ra Sonia Corcos
198900,Cocina Molecular,23,David Woods
6286,Biología Marina,23,Susan Lynn
222351,Cocina Molecular,26,Danielle Cole
177276,Cocina Molecular,22,Georgina Elba Olmedo Fuertes
72002,Filosofía Cuántica,22,Segismundo Echevarría Madrid
115893,Diseño de Moda Intergaláctica,25,Julie Ferrell
216957,Diseño de Moda Intergaláctica,27,Amleto Bongiorno
12492,Diseño de Moda Intergaláctica,30,Eusebio Lozano Gabaldón
162083,Turismo Espacial,26,Máxima Ema Alba Lasa
148439,Teoría Práctica,18,Herberto Cifuentes-Mayo
83490,Biología Marina,26,Barbara King
181578,Turismo Espacial,28,Vittoria Manolesso
145399,Turismo Espacial,27,Victorino Escudero
215407,Biología Marina,24,Kevin Orozco MD
115645,Diseño de Moda Intergaláctica,29,Sig.ra Luigina Bottigliero
37054,Cocina Molecular,23,Miriam Blanca Ibañez
179072,Artes del Café,19,Kelly Moore
240877,Turismo Espacial,18,Dott. Sole Pareto
234970,Música para Plantas,19,Lucio Desiderio Estevez Acuña
220770,Diseño de Moda Intergaláctica,23,Dott. Milena Pincherle
183404,Filosofía Cuántica,27,Isa Ponti
63221,Turismo Espacial,26,Ranieri Veneziano
70622,Historia del Universo Paralelo,26,Rosalinda Barba Fábregas
27787,Turismo Espacial,24,Rico Gomila Tena
124412,Filosofía Cuántica,19,Diana Spallanzani
38877,Teoría Práctica,28,Ian Adams
26964,Turismo Espacial,20,Jessica Zuniga
225465,Teoría Práctica,23,Fulvio Farnese
136795,Diseño de Moda Intergaláctica,18,Amada Mayol Barco
39355,Historia del Universo Paralelo,25,Félix Américo Mosquera Linares
188558,Teoría Práctica,19,Iolanda Mascheroni-Garibaldi
70528,Turismo Espacial,20,Dott. Carmelo Agostini
82426,Música para Plantas,20,Bernardita Miró-Valencia
177506,Artes del Café,18,Goyo Portero Nicolás
158597,Psicología Canina,30,Steven Hall
7218,Artes del Café,21,Leslie Lang
110576,Filosofía Cuántica,18,Calixto Hoyos Vara
81231,Diseño de Moda Intergaláctica,27,Amador Madrid Pintor
22891,Psicología Canina,23,Aaron Johnson
193973,Diseño de Moda Intergaláctica,28,Leoncio Meléndez Cabrero
221866,Turismo Espacial,22,Carmela Bru Guitart
198484,Psicología Canina,18,Francisca Toro Arco
187345,Teoría Práctica,26,Giampiero Chigi-Toso
141976,Biología Marina,19,Ezio Sforza
89033,Biología Marina,18,Giada Falloppio
78987,Turismo Espacial,18,Andrew Hernandez
243428,Artes del Café,23,Luis Baena Prado
199960,Filosofía Cuántica,19,Michelotto Viviani-Turrini
114113,Diseño de Moda Intergaláctica,29,Claudia Dossetti
189606,Biología Marina,20,Erasmo de Valenciano
86856,Historia del Universo Paralelo,30,Michael Reed
234762,Cocina Molecular,30,Antonietta Garozzo
3731,Artes del Café,28,Gianpaolo Cesaroni
214255,Diseño de Moda Intergaláctica,28,Ryan Johnson
222978,Música para Plantas,26,Graziella Antonini-Guidotti
81401,Biología Marina,18,Stephen Flores
88803,Turismo Espacial,27,Susanita Santamaría Río
10796,Biología Marina,29,Allegra Taccola
6383,Música para Plantas,22,Michelle Green
142052,Filosofía Cuántica,30,Rachel Martinez
227882,Teoría Práctica,19,Iris Alegria-Iriarte
4947,Artes del Café,25,Ignacio Carbonell-Jover
104242,Filosofía Cuántica,29,Raffaello Ferrara
180183,Cocina Molecular,24,Pacífica Nadal
75284,Biología Marina,30,Odalys Perea-Carbó
57334,Artes del Café,19,Serafina Albero Mayo
193767,Diseño de Moda Intergaláctica,24,Salvatore Petrocelli
232567,Turismo Espacial,27,Elena Pace-Leonardi
162828,Artes del Café,18,Romina Galilei
138039,Música para Plantas,18,Alina Canetta
200145,Turismo Espacial,27,Michael Shaw
158958,Turismo Espacial,29,Lara Zabala Herrero
187310,Cocina Molecular,18,Toni Sagnelli
32794,Artes del Café,27,Dott. Bernardo Colletti
127418,Teoría Práctica,30,Sergius Opizzi
219558,Psicología Canina,19,Kelly Williams
124774,Psicología Canina,28,Sig. Gaspare Donati
5592,Historia del Universo Paralelo,30,Stephanie Williams
225344,Historia del Universo Paralelo,28,Arsenio Lancisi
35024,Teoría Práctica,19,Tina Wilkins
192338,Historia del Universo Paralelo,26,Tatiana Revilla Zabala
75583,Diseño de Moda Intergaláctica,21,Amico Ferrabosco
218986,Psicología Canina,18,Adelmo Loredan
135700,Cocina Molecular,26,Esmeralda España Mate
179985,Música para Plantas,28,Alessandra Fusani
19145,Historia del Universo Paralelo,30,Toni Morata Pozuelo
49413,Teoría Práctica,30,Michelle Porter
21093,Turismo Espacial,18,Adele Morrocco
67342,Cocina Molecular,19,Sydney Gallagher
9953,Artes del Café,19,Arturo Foconi
99325,Música para Plantas,26,Iolanda Boito
103423,Turismo Espacial,22,Imelda Vicens-Rubio
223950,Artes del Café,19,Joshua Cook
174759,Historia del Universo Paralelo,23,Adalberto Franch Marqués
120753,Biología Marina,23,Christian Schwartz
195233,Diseño de Moda Intergaláctica,23,Christina Berry
142282,Artes del Café,19,Teodora Villegas Oliva
234634,Psicología Canina,18,Natanael Dalmau Mendoza
183186,Cocina Molecular,25,Dino Vivaldi
71544,Cocina Molecular,19,Rosaria Gualtieri-Notarbartolo
120186,Turismo Espacial,28,Alessandra Niscoromni
36317,Turismo Espacial,26,Anastasia Seco Palacio
34033,Cocina Molecular,22,Eleanora Pedrazzini
206919,Teoría Práctica,18,Maribel Hervás
148816,Filosofía Cuántica,24,Fiamma Cilea
26897,Psicología Canina,21,Trini Fortuny Paredes
110342,Cocina Molecular,25,Ramona Udinesi
153584,Teoría Práctica,24,Lee Thompson
149140,Artes del Café,25,Ligia Barragán
62510,Artes del Café,27,Tadeo Aparicio Meléndez
47826,Turismo Espacial,29,Amedeo Semitecolo
101731,Psicología Canina,20,Fátima Hierro Velázquez
29969,Filosofía Cuántica,29,Samanta Estevez
136842,Diseño de Moda Intergaláctica,20,Balduino Valero Olivé
171452,Música para Plantas,18,Katrina Duarte
122399,Artes del Café,24,Dott. Ferdinando Giannone
21924,Historia del Universo Paralelo,26,Leoncio Ballester
138141,Biología Marina,23,Zachary Burns
46279,Turismo Espacial,26,Claudio Castelli
79516,Diseño de Moda Intergaláctica,19,Glauco Morales-Pareja
14275,Diseño de Moda Intergaláctica,22,Rossana Tropea
199970,Psicología Canina,24,Jennifer Suárez Nevado
127575,Biología Marina,22,Jessica Fischer
191540,Psicología Canina,18,Amílcar Fabregat
163125,Turismo Espacial,20,Sig. Milo Carosone
185131,Historia del Universo Paralelo,22,Angelica Papafava
135080,Artes del Café,18,Margaret Robinson
4229,Historia del Universo Paralelo,24,Niccolò Marini-Tremonti
39398,Música para Plantas,25,Justin Flowers
103558,Teoría Práctica,27,Colin Stanley
195353,Diseño de Moda Intergaláctica,26,Renee Stone
122987,Historia del Universo Paralelo,24,Biagio Foletti
60904,Música para Plantas,27,Ileana Sol Escamilla Lozano
85787,Música para Plantas,18,Mireia Salvà Rosa
157436,Biología Marina,21,Marina Carocci-Gianetti
10480,Diseño de Moda Intergaláctica,18,Lisa Lopez
160803,Diseño de Moda Intergaláctica,23,Raimondo Giradello
147438,Música para Plantas,19,Paulina Balbo
96182,Artes del Café,25,Aria Antelami
188485,Cocina Molecular,24,Francisco Lee
63643,Biología Marina,18,Coluccio Biagiotti
34981,Teoría Práctica,23,Rebekah Rodgers
8586,Psicología Canina,26,Maxwell Hammond
65965,Historia del Universo Paralelo,29,Alice Jackson
39212,Cocina Molecular,20,Melina Zeffirelli
78771,Filosofía Cuántica,18,Angelina Mateos
62115,Música para Plantas,19,Marcelino Cepeda Corominas
139482,Música para Plantas,24,Ciríaco Santiago Aliaga
86362,Teoría Práctica,21,Raimondo Piovani
124423,Filosofía Cuántica,20,Sig. Fiorenzo Cuomo
201774,Turismo Espacial,21,Mrs. Jasmine Mitchell MD
248961,Artes del Café,22,Victoria Elba Saavedra Pulido
7687,Historia del Universo Paralelo,18,Jafet de Vives
247945,Turismo Espacial,29,Allison Mitchell
90812,Biología Marina,24,Jennifer Sanders
216652,Teoría Práctica,24,Vidal Guzmán Chamorro
87040,Historia del Universo Paralelo,23,Gene Myers
168866,Turismo Espacial,23,Paloma Andrade Bermudez
93523,Historia del Universo Paralelo,25,Luciana Luxardo
54132,Psicología Canina,23,John Crane
31280,Filosofía Cuántica,27,Vito Capecchi-Tuzzolino
57838,Filosofía Cuántica,19,John Parks
75408,Cocina Molecular,30,Matthew Rasmussen
219995,Música para Plantas,19,Jeffery Miller
153664,Artes del Café,22,Serena Pincherle
88179,Artes del Café,22,Gertrudis Batalla Serra
180145,Diseño de Moda Intergaláctica,29,Brittany Day
231220,Diseño de Moda Intergaláctica,26,Joan Washington
71829,Cocina Molecular,28,Meghan Mcdonald
116148,Música para Plantas,23,Sig.ra Antonia Ravaglioli
43286,Diseño de Moda Intergaláctica,27,Zacarías Barrios-Mercader
235905,Historia del Universo Paralelo,22,Adam Small
7645,Diseño de Moda Intergaláctica,20,Annamaria Scotto-Pasqua
45043,Cocina Molecular,30,Abigaíl Azorin Villaverde
121962,Artes del Café,26,Troy Park
13498,Artes del Café,23,Gelsomina Mercantini
183742,Turismo Espacial,30,Baldomero Alvarez Duque
5701,Psicología Canina,21,Telmo Priego-Guitart
175768,Teoría Práctica,28,Dott. Griselda Palumbo
5786,Biología Marina,28,Elena Favata
133173,Biología Marina,24,Moreno Torrents Bermúdez
113021,Filosofía Cuántica,20,Dott. Amanda Ortolani
217204,Teoría Práctica,23,Miguel Gallegos
174192,Teoría Práctica,22,Jody Jones
233480,Psicología Canina,27,Connie Atkins
66836,Cocina Molecular,23,Ida Bevilacqua
109068,Biología Marina,28,Brenda Simmons
62590,Filosofía Cuántica,26,Maurilio Iannuzzi
139602,Cocina Molecular,19,Eugenia Tarchetti
95614,Teoría Práctica,21,Jason Meza
146436,Psicología Canina,18,Kenneth Lewis
193102,Cocina Molecular,19,Jacob Brown
236806,Teoría Práctica,23,Lucia Foà
76130,Filosofía Cuántica,23,Claudia Ungaretti
111568,Biología Marina,25,Salomón Casas Figuerola
236738,Artes del Café,29,Vasco Iñiguez Cortes
35202,Psicología Canina,18,Giuliana Malaparte-Gozzano
227427,Historia del Universo Paralelo,19,Priscilla Trapanese
103630,Teoría Práctica,25,Miriam Mármol Quintana
84575,Diseño de Moda Intergaláctica,18,Adora Diego
105212,Diseño de Moda Intergaláctica,30,Emiliana Huerta-Vargas
12957,Historia del Universo Paralelo,28,Jackie Cooley
150534,Psicología Canina,19,Richard Townsend
41,Turismo Espacial,26,Maria Martin
243951,Artes del Café,30,Romina Cammarata
218244,Artes del Café,22,Edoardo Vezzali
135772,Filosofía Cuántica,29,Máximo Aznar-Zamorano
238338,Teoría Práctica,21,Edelmira Pou
32565,Cocina Molecular,22,Steven Villegas
224402,Turismo Espacial,20,Carmelita Acevedo Escalona
226907,Psicología Canina,26,Delfina Matas Corbacho
20920,Teoría Práctica,18,Kristin Olson
94439,Historia del Universo Paralelo,28,Monica Clark
91017,Música para Plantas,30,María Manuela Blanch-Corbacho
194256,Artes del Café,24,Cody Mitchell
21868,Cocina Molecular,22,Luchino Bondumier
47000,Teoría Práctica,25,Diana Rey Calleja
245374,Diseño de Moda Intergaláctica,20,Luisa Mur
134014,Historia del Universo Paralelo,28,Jordi Osorio Olmo
113283,Diseño de Moda Intergaláctica,27,Jon Leonard
76695,Turismo Espacial,30,Rossana Grasso
171548,Música para Plantas,27,Melissa Crisafulli
50490,Psicología Canina,24,Scott Conrad
116297,Psicología Canina,28,Valerio Marsili
10025,Música para Plantas,27,Adelardo Espejo-Díez
181193,Filosofía Cuántica,30,Graciana Tovar
77466,Música para Plantas,21,Maurilio Altera
136036,Diseño de Moda Intergaláctica,20,Elijah Garcia
208957,Cocina Molecular,26,Vittoria Scandone
164854,Cocina Molecular,28,Evangelina Tejero Codina
18742,Historia del Universo Paralelo,29,Christine Jones
107984,Psicología Canina,18,Sig. Gianluigi Udinesi
28587,Historia del Universo Paralelo,24,Anastasia Mireia Morell Pacheco
53792,Artes del Café,19,Michael Doyle
170620,Turismo Espacial,20,Esperanza Arrieta-Palma
143271,Turismo Espacial,19,Ibán Villanueva Carro
32120,Historia del Universo Paralelo,29,Eugenia Cundari
70754,Artes del Café,18,David Noble
44577,Cocina Molecular,19,Julio César Maza Exposito
214413,Música para Plantas,18,Michelle Floyd
80453,Teoría Práctica,18,Shawna Little
165974,Filosofía Cuántica,19,Sebastiano Pizzamano
194921,Artes del Café,28,Ricciotti Branciforte
48835,Turismo Espacial,24,Sig.ra Milena Pontecorvo
236057,Teoría Práctica,18,Andrew Murray
127797,Música para Plantas,20,Yvonne Rodriguez
166738,Artes del Café,22,Katherine Harris
169350,Artes del Café,18,Teodora Lucena Alcázar
117672,Teoría Práctica,24,Edgardo Torrecilla-Botella
3647,Teoría Práctica,27,Jaclyn Delacruz
121198,Biología Marina,24,Gonzalo Oliveras Malo
122647,Cocina Molecular,30,Diana Gentileschi
559,Historia del Universo Paralelo,25,Renzo Fieramosca
162413,Música para Plantas,18,Maurizio Taliercio
240017,Teoría Práctica,25,Viridiana Iannuzzi
136888,Cocina Molecular,27,Valeria Asprucci
186973,Música para Plantas,28,Evangelista Dallara
197535,Biología Marina,29,Kimberly Barton
60304,Biología Marina,21,Diana Totino
17719,Música para Plantas,29,Aaron Wagner
179119,Música para Plantas,26,Mariana Jerez Silva
224883,Cocina Molecular,23,Rosalia Iacobucci-Schiavo
151126,Diseño de Moda Intergaláctica,23,Evaristo Acuña Ayuso
184866,Artes del Café,28,Dott. Claudia Tartaglia
89736,Filosofía Cuántica,29,Luis Miguel Jaén Sans
188959,Filosofía Cuántica,27,Marcantonio Condoleo
236821,Cocina Molecular,19,Brian Simmons
216680,Música para Plantas,28,Christopher Morris
159528,Filosofía Cuántica,26,Joshua Casey
236555,Teoría Práctica,25,Brittany Adkins
133935,Música para Plantas,19,Angela Cole
103707,Cocina Molecular,23,Hector Williams
125701,Historia del Universo Paralelo,22,Ida Miniati
173148,Psicología Canina,18,Bonifacio Barragán Español
98946,Historia del Universo Paralelo,18,Abigaíl Malo Domingo
204586,Teoría Práctica,27,Chelo Lluch Blazquez
142193,Psicología Canina,28,Jennifer Jones
77949,Teoría Práctica,27,Cesar Vizcaíno Chacón
122756,Biología Marina,21,Miguela de Montero
48860,Diseño de Moda Intergaláctica,27,Kristin Davis
236114,Música para Plantas,21,Paloma Nicolucci
53169,Biología Marina,26,Miguel Ángel Pedrero Pelayo
5179,Artes del Café,20,Catherine Rich
133749,Filosofía Cuántica,21,Alberto Bonaventura
241032,Teoría Práctica,18,Barbara Calvo
155634,Historia del Universo Paralelo,23,Danielle Clark
115054,Música para Plantas,27,Andrea Branch
242615,Historia del Universo Paralelo,21,Mattia Comeriato
145191,Biología Marina,23,Dott. Nicola Vecoli
77961,Música para Plantas,24,Regina Andrés-Beltrán
198843,Teoría Práctica,29,David Ramirez
227694,Psicología Canina,18,Marcella Cattaneo-Dallapé
210072,Cocina Molecular,30,Godofredo Viña Querol
63692,Diseño de Moda Intergaláctica,18,Ilaria Tamburini
130713,Diseño de Moda Intergaláctica,21,Andrea Zuniga
129209,Turismo Espacial,28,Herminio Mayoral Álamo
88438,Diseño de Moda Intergaláctica,25,Gregory Thomas
163061,Diseño de Moda Intergaláctica,23,Jill Dillon
136644,Biología Marina,28,Marco Álamo Elías
72513,Música para Plantas,19,Judith Lewis
232369,Turismo Espacial,18,Alessio Bertolucci-Caruso
234501,Diseño de Moda Intergaláctica,29,Sig. Silvio Pisacane
117161,Psicología Canina,26,Dr. Christian Murillo
109405,Biología Marina,26,Benjamin Moran
134421,Música para Plantas,21,Sean Allison
53410,Turismo Espacial,22,Sig.ra Angelina Baggio
185979,Turismo Espacial,27,Dott. Jolanda Tencalla
84061,Teoría Práctica,27,Virginia Cortes-Pellicer
39208,Biología Marina,22,Ramona Aldobrandi
187440,Artes del Café,29,Scott Garcia
89776,Biología Marina,22,Joel Walker
126807,Artes del Café,26,Tammy Taylor
71278,Música para Plantas,21,Sig. Lazzaro Alighieri
53389,Historia del Universo Paralelo,28,Adam Phillips
51486,Diseño de Moda Intergaláctica,19,Gerald Price
155346,Música para Plantas,24,Amy Smith
102229,Artes del Café,30,Aaron Rose
148001,Filosofía Cuántica,23,Deborah Fowler
75154,Música para Plantas,30,Sig. Daniele Malatesta
105666,Música para Plantas,25,Marco Giorgetti-Trotta
47095,Música para Plantas,19,Giada Torricelli
186023,Biología Marina,30,Nichole Madden
159153,Psicología Canina,27,Sig.ra Donatella Rossetti
138820,Diseño de Moda Intergaláctica,27,Heliodoro Barral Pujadas
14578,Diseño de Moda Intergaláctica,26,Luciana Casado Burgos
76778,Música para Plantas,26,Toni Cerezo Hervás
94239,Teoría Práctica,24,Carmelita Jaume Mariño
42889,Filosofía Cuántica,30,Leopoldo Bosio
104266,Diseño de Moda Intergaláctica,21,Severo Balaguer Delgado
174177,Teoría Práctica,19,Sig. Ludovico Ossola
44873,Cocina Molecular,26,Andrew Lowery
202455,Psicología Canina,18,Jeremy Harris
93968,Turismo Espacial,22,Nereida Ribes Arribas
39536,Artes del Café,26,Omar Pujadas Navarrete
120382,Historia del Universo Paralelo,30,Ana Belén Llorente Amador
91131,Psicología Canina,28,Dott. Aurora Verri
182993,Filosofía Cuántica,22,Pamela Brooks
68594,Filosofía Cuántica,18,Robert Andrews
126189,Turismo Espacial,28,Jeremy Mills
140327,Cocina Molecular,27,Nicole Cook
189653,Música para Plantas,22,Salvatore Trupiano
157353,Artes del Café,23,Luisa Donatoni
137524,Filosofía Cuántica,28,Melissa Richmond
80114,Teoría Práctica,21,Georgina Morán Ibáñez
194271,Psicología Canina,29,Vincentio Chindamo
121238,Diseño de Moda Intergaláctica,28,Marcela Lorenzo Espejo
58975,Cocina Molecular,29,Alex Alemany Ferrán
70082,Biología Marina,28,David Cooper
191012,Historia del Universo Paralelo,28,Marta Trombetta
52627,Filosofía Cuántica,22,Piergiuseppe Filogamo
89151,Diseño de Moda Intergaláctica,22,Meagan Hanson
34109,Psicología Canina,28,Mattia Sinisi
98444,Biología Marina,25,Rodolfo Castell Aguilar
118954,Cocina Molecular,23,Herminio Cerezo Casanovas
15417,Biología Marina,20,Jacqueline Allison
161489,Cocina Molecular,26,Sig. Pasquale Micca
56773,Psicología Canina,24,Raffaello Casini
68362,Psicología Canina,26,Panfilo Foa
244317,Diseño de Moda Intergaláctica,30,Leocadia Carreño Clemente
158004,Música para Plantas,28,Rosalia Marcacci
112932,Psicología Canina,19,Liberto Chechi
176807,Teoría Práctica,26,Raymond Walter
34339,Música para Plantas,29,Rossana Gualtieri
116827,Teoría Práctica,19,Licia Cortese
232988,Artes del Café,18,Roldán Benavente Alcalde
45425,Filosofía Cuántica,27,Jaime Brandt
161796,Turismo Espacial,22,Angelo Cerquiglini
161908,Cocina Molecular,30,Dora Lozano Torrijos
244426,Filosofía Cuántica,20,Cristina Pujol-Pina
206128,Música para Plantas,23,Sandra Edwards
80018,Artes del Café,20,Ángeles Loreto Ochoa Albero
117686,Cocina Molecular,27,Luciano Niscoromni
38228,Artes del Café,26,Priscilla Amato
19057,Música para Plantas,28,Filippo Monteverdi-Nonis
50347,Diseño de Moda Intergaláctica,22,Morgan Davis
232667,Turismo Espacial,19,Denise Michael
137548,Música para Plantas,27,Alejandra Wallace
148862,Historia del Universo Paralelo,21,Paola Burgos
141703,Artes del Café,28,Vincent Wallace
72601,Psicología Canina,25,Dott. Adele Antonacci
61610,Turismo Espacial,28,Samantha Paul
76081,Historia del Universo Paralelo,29,Maximiano Matas Manuel
143352,Teoría Práctica,22,Sig. Romeo Bottaro
128867,Psicología Canina,28,Julia Corominas Miguel
160147,Diseño de Moda Intergaláctica,26,Abel de Plana
194102,Filosofía Cuántica,29,Danilo Bocca
21725,Artes del Café,24,Robert Byrd
92501,Teoría Práctica,20,Camillo Borsellino
88388,Psicología Canina,28,Laura Savorgnan-Majorana
96895,Filosofía Cuántica,18,Chiara Tozzi
153529,Diseño de Moda Intergaláctica,26,Valentina Morpurgo
190639,Turismo Espacial,25,Viviana Rocha Ponce
71466,Turismo Espacial,29,Marcio Duarte Palacio
161696,Artes del Café,23,Cintia Sonia Querol Téllez
70974,Diseño de Moda Intergaláctica,28,Claudia Scarlatti
78772,Cocina Molecular,21,Dawn Patterson
162809,Turismo Espacial,21,Sandro Torlonia
6487,Cocina Molecular,19,Debra Lee
99010,Diseño de Moda Intergaláctica,23,Melisa Ferrán Cano
204278,Historia del Universo Paralelo,30,Steven Murphy
105396,Psicología Canina,26,José Manuel Montesinos Ariño
223775,Historia del Universo Paralelo,26,Alberto Pagès Chaves
194032,Diseño de Moda Intergaláctica,24,Omar Alvarez
158055,Diseño de Moda Intergaláctica,25,Dott. Sabatino Filangieri
196312,Música para Plantas,30,Pasquale Biagi
222078,Diseño de Moda Intergaláctica,26,Robin Rice
58871,Historia del Universo Paralelo,30,Paloma Lastra Balaguer
170165,Turismo Espacial,27,Paola Ferrari
53562,Teoría Práctica,25,Gianluca Staglieno-Trincavelli
4543,Artes del Café,27,Leonor Vera Morán
215896,Cocina Molecular,26,Andrea Jódar Mosquera
74404,Psicología Canina,28,Charlene Cannon
167413,Psicología Canina,24,Amico Paoletti
53614,Artes del Café,19,Mohamed Company-Samper
109989,Historia del Universo Paralelo,22,Rossana Lupo
47184,Diseño de Moda Intergaláctica,23,Richard Harris
80124,Teoría Práctica,30,Trini del Molins
49348,Historia del Universo Paralelo,21,Sole Parmitano
73627,Historia del Universo Paralelo,27,Lucia Venier
153481,Historia del Universo Paralelo,30,Josep de Donoso
27289,Biología Marina,22,Baltasar Alberto Solís Espinosa
205284,Música para Plantas,29,Sig.ra Silvia Scarlatti
27446,Música para Plantas,19,Madison Porter
123877,Cocina Molecular,27,Noa Baquero
193982,Psicología Canina,20,Renee Roberts
15409,Artes del Café,18,Cloe del Molins
158708,Teoría Práctica,29,Mary Weber
85504,Teoría Práctica,29,Antonina Tasca
139600,Diseño de Moda Intergaláctica,25,Daniel Woodward
104865,Música para Plantas,25,Anita Carullo
35585,Diseño de Moda Intergaláctica,26,Rocco Monaco
139118,Teoría Práctica,19,Jeffrey Mendez
36294,Biología Marina,21,Ciro Solera Serna
157824,Teoría Práctica,22,Iolanda Siffredi
3540,Artes del Café,30,Susanna Vespucci
20635,Filosofía Cuántica,22,Stefania Falcone
43169,Biología Marina,30,Hernán Guitart-Redondo
20402,Diseño de Moda Intergaláctica,18,Pepe Zamora Pulido
1835,Cocina Molecular,29,Sarita Revilla Simó
100033,Teoría Práctica,21,Judith Garay Toledo
213819,Teoría Práctica,21,Lalo Baeza Sandoval
39777,Historia del Universo Paralelo,23,Narcisa Flor Pagès Palomar
152603,Diseño de Moda Intergaláctica,24,Juan Pablo Sancho
94505,Psicología Canina,20,Megan Bell
135954,Turismo Espacial,24,Napoleone Boccioni
167404,Turismo Espacial,27,Emilio Eco
221337,Historia del Universo Paralelo,30,Paulina Morrocco
60508,Diseño de Moda Intergaláctica,22,Marissa Tommaseo
73542,Filosofía Cuántica,23,Sig. Pompeo Fibonacci
246251,Diseño de Moda Intergaláctica,28,Kerry Fernandez
180788,Artes del Café,30,Melissa Sanders
101740,Artes del Café,19,Isabella Medici
111672,Teoría Práctica,22,Teófila Uribe Ibarra
139554,Turismo Espacial,18,Poncio Cobos Domingo
189231,Turismo Espacial,22,Esteban Pozo Gascón
51383,Turismo Espacial,30,Robert Mitchell
73728,Biología Marina,27,Esmeralda Bautista Ponce
233677,Artes del Café,26,Elisa Totino
57866,Psicología Canina,27,Laura Musatti
54147,Música para Plantas,18,Valeria Michelangeli
214547,Biología Marina,20,Candelas Moraleda Palomo
64028,Historia del Universo Paralelo,28,Dani Gascón Galvez
197925,Turismo Espacial,21,Mireia Cabrero Azcona
165827,Diseño de Moda Intergaláctica,20,Maura Nitto
23767,Cocina Molecular,28,Tracy Jackson
23197,Artes del Café,23,Torquato Maccanelli
240766,Psicología Canina,18,Rodolfo Perini
188206,Filosofía Cuántica,22,Francis Wright
99393,Diseño de Moda Intergaláctica,20,Thomas White
26772,Psicología Canina,29,Torquato Marenzio
14091,Filosofía Cuántica,22,Napoleone Biagiotti
110180,Cocina Molecular,30,Sig.ra Margherita Tamburini
92370,Filosofía Cuántica,30,Sig. Michelangelo Gioberti
220271,Biología Marina,26,Romina Sagredo
42189,Diseño de Moda Intergaláctica,22,Lawrence Smith
185142,Turismo Espacial,29,Matthew Robles
119433,Filosofía Cuántica,21,Roque Bru Marí
16254,Turismo Espacial,18,Camillo Pedersoli-Ariosto
103463,Música para Plantas,27,Alfredo Cobos
138032,Artes del Café,18,Megan Parker
67716,Artes del Café,22,James Fletcher
168640,Música para Plantas,25,Vito Font Cuevas
244146,Historia del Universo Paralelo,21,Herminio Redondo Guerra
56737,Psicología Canina,28,Paride Renier
174297,Biología Marina,27,Ernesto Arnal Ramos
8635,Turismo Espacial,24,Joshua Heath
25440,Filosofía Cuántica,20,Anthony Hale
64294,Cocina Molecular,22,Pasqual Maccanelli
210326,Diseño de Moda Intergaláctica,27,Teresa Miguela Roman Reguera
98371,Turismo Espacial,26,Sig.ra Amalia Toscanini
97033,Diseño de Moda Intergaláctica,19,Aitana Borja Salinas
103756,Teoría Práctica,19,Erika Tremonti
195608,Filosofía Cuántica,26,Cecilia Falloppio
103471,Diseño de Moda Intergaláctica,28,Filippo Adinolfi
